"id","type","ЄДРПОУ","Назва","Адреса","Область","Дата","Пользователь","Внесено","Всі лікарі, які можуть бути задіяні з COVID-19 (усі спеціальності)","Лікарі, які вже працюють з пацієнтами з COVID-19","Лікарів у денній зміні","Лікарів у нічній зміні","Всі медсестри","Медсестри, які вже працюють з пацієнтами з COVID-19","Медсестер у денній зміні","Медсестер у нічній зміні","Всього молодшого медичного персоналу","Молодшого медперсоналу, який вже працюють з пацієнтами з COVID-19","Молодшого медперсоналу у денній зміні","Молодшого медперсоналу у нічній зміні","Іншого персоналу та волонтерів, які задіяні у боротьбі з COVID-19","50-60","60-70","70-80","80+","Загалом, ліжок виділено для госпіталізації хворих з COVID-19","Інфекційних","Зайнято інфекційних","Реанімаційні / Інтенсивної терапії","Зайнято реанімаційні / інтенсивної терапії","Зайнято загалом хворими з COVID-19","Для пере-профілювання","Справних ШВЛ високого класу","Пацієнтів підключених до ШВЛ вис. класу, хворих на COVID-19","Пацієнтів підключених до ШВЛ сер. класу, хворих на COVID-19","Пацієнтів підключених до ШВЛ дитячих, хворих на COVID-19","ШВЛ високого класу підключено до пацієнтів","Справних ШВЛ середнього класу","ШВЛ середнього класу підключено до пацієнтів","Справних ШВЛ дитячих (0-6 років)","Пацієнтів підключених до ШВЛ дитячих","Справних портативних (транспортних) ШВЛ","Несправних ШВЛ (усіх видів)","Моніторів пацієнта поліфункціональних","Екстракорпоральних оксигенаторів (ЕКМО)","Екстракорпоральних оксигенаторів (ЕКМО) у використанні ( підключено до пацієнтів)","Апарат  «Штучна нирка» - є чи немає","Кількість кисневих концентраторів","Газоаналізатор крові - є чи немає","Халати ізоляційні одноразові залишок","Халати ізоляційні одноразові використано за добу","Респіратори класу захисту не менше FFP2 (FFP2, FFP3, N-95) залишок","Респіратори класу захисту не менше FFP2 (FFP2, FFP3, N-95) витрати на добу","Костюми біозахисту одноразові залишок","Костюми біозахисту одноразові залишок витрати на добу","Маски медичні (хірургічні) одноразові залишок","Маски медичні (хірургічні) одноразові  витрати на добу","Маски медичні багаторазові залишок","Маски медичні багаторазові витрати на добу","Захист очей  (захисні щитки та окуляри) одноразові залишок","Захист очей  (захисні щитки та окуляри) одноразові витрати на добу","Захист очей  (захисні щитки та окуляри) багаторазові залишок","Захист очей  (захисні щитки та окуляри) багаторазові витрати на добу","Рукавички нітрилові нетальковані (нестерильні) залишок","Рукавички нітрилові нетальковані оглядові (нестерильні) витрати на добу","Спиртовмісний антисептик залишок","Спиртовмісний антисептик витрати на добу","швидких тестів залишок","швидких тестів використано за добу","ПЦР залишок","ПЦР використано","Кількість тампонів та стерильних пробірок з транспортним середовищем залишок","Кількість тампонів та стерильних пробірок з транспортним середовищем використано за добу","З них анестезіологів","З них інфекціоністів","Кількість кисневих генераторів до ШВЛ","Рентген апарат","Наявність системи централізованого постачання кисню","1. Загальна кількість ліжок в закладі (ліжковий фонд)","1.1. з них з підведеним киснем (сумарно з концентраторами та централізованим постачанням)","1.1.1. з них реанімаційних/інтенсивної терапії","2. Ліжок виділено для госпіталізації хворих на COVID-19 загалом","2.1. з них з підведеним киснем (сумарно з концентраторами та централізованим постачанням)","2.1.1. з них реанімаційних/ інтенсивної терапії","2.2. з них дитячих","2.3. з них пологових","3. Ліжок для перепрофілювання загалом","3.1. з них з підведеним киснем (сумарно з концентраторами та централізованим постачанням)","3.1.1. з них реанімаційних/ інтенсивної терапії","1. Пацієнтів, хорих на COVID-19, загалом","1.1. з них, які займають ліжка без кисню (з переліку виділених для госпіталізації хворих на COVID-19)","1.2. з них, які займають дитячі ліжка","1.3. з них, які займають пологові ліжка","1.4. з них, які займають ліжка з підведеним киснем","1.4.1. з них, які займають ліжка реанімаційні/інтенсивної терапії ","2. Пацієнтів загалом з підозрою на COVID-19","2.1. з них, які займають дитячі ліжка","2.2. з них, які займають пологові ліжка","2.3. з них, які займають ліжка з підведеним киснем","3. Пацієнтів, хворих на COVID-19, що підключено до ШВЛ","4.  Пацієнтів, хорих на COVID-19, що підключено до ЕКМО","5. Пацієнтів з підозрою на COVID-19, що підключено до ШВЛ","6. Пацієнтів з підозрою на COVID-19, що підключено до ЕКМО","7. Кількість госпіталізованих з підтвердженим COVID-19 та з підозрою (за добу)","8. Кількість ліжок, що звільнилась за добу (виписані у випадку одужання, померлі, переведені до іншого (нековідного) відділення всередині лік"
"596342","Визначено як лікарня для госпіталізації","01982502","Вінницька центральна районна клінічна лікарня","вул. Хмельницьке шосе, 92","Вінницька","15.03.2021 0:00:00","282","15.03.2021 10:03:43","0","0","0","0","0","0","0","0","0","0","0","0","0","0","0","0","0","0","0","0","0","0","0","0","4","4","2","0","4","9","2","2","0","7","0","11","0","0","0","43","1","0","0","4868","22","2170","3","4380","0","0","0","280","0","425","0","3800","70","0","0","4020","1","0","0","2080","20","0","0","0","1","1","","","","","","","","","","","","","","","","","","","","","","","","","","",""
"596215","Визначено як лікарня для госпіталізації","01982554","Калинівська центральна районна лікарня","м.Калинівка, вул.Чкалова, 6","Вінницька","15.03.2021 0:00:00","283","15.03.2021 9:22:59","0","0","0","0","0","0","0","0","0","0","0","0","0","0","0","0","0","0","0","0","0","0","0","0","2","1","4","0","2","4","4","1","0","3","0","0","0","0","0","48","0","741","40","7432","40","480","30","15423","500","950","0","235","0","366","0","30200","300","3","2","1987","0","0","0","341","10","0","0","1","1","1","","","","","","","","","","","","","","","","","","","","","","","","","","",""
"596145","Визначено як лікарня для госпіталізації","01982525","Комунальна організація (установа, заклад) Жмеринська центральна районна лікарня","вул. Київська, 288","Вінницька","15.03.2021 0:00:00","284","15.03.2021 9:02:24","0","0","0","0","0","0","0","0","0","0","0","0","0","0","0","0","0","0","0","0","0","0","0","0","9","3","0","0","4","5","0","2","0","4","1","13","0","0","0","37","0","2040","40","300","30","430","10","1300","100","0","0","100","20","100","20","200","50","85","10","1300","0","0","0","0","0","0","0","2","1","1","","","","","","","","","","","","","","","","","","","","","","","","","","",""
"596461","Визначено як лікарня для госпіталізації","01982591","Комунальна установа Могилів-Подільська окружна лікарня інтенсивного лікування","вул.Полтавська, буд. 89/2","Вінницька","15.03.2021 0:00:00","285","15.03.2021 10:48:33","0","0","0","0","0","0","0","0","0","0","0","0","0","0","0","0","0","0","0","0","0","0","0","0","2","0","2","0","0","3","2","2","0","2","0","8","0","0","0","28","1","1476","0","906","0","1086","25","7537","20","0","0","166","0","138","0","1180","50","73","1","1609","6","0","0","2244","0","0","0","0","1","1","","","","","","","","","","","","","","","","","","","","","","","","","","",""
"596570","Визначено як лікарня для госпіталізації","01982695","Комунальна установа Хмільницька центральна районна лікарня","вул. Монастирська, буд. 71","Вінницька","15.03.2021 0:00:00","286","15.03.2021 11:38:03","0","0","0","0","0","0","0","0","0","0","0","0","0","0","0","0","0","0","0","0","0","0","0","0","0","0","1","0","0","13","1","0","0","0","0","19","0","0","0","35","1","4210","20","1410","70","17","0","81500","300","0","0","50","0","0","0","4000","200","410","20","2966","8","0","0","140","0","0","0","0","1","1","","","","","","","","","","","","","","","","","","","","","","","","","","",""
"596212","Визначено як лікарня для госпіталізації","05484126","КОМУНАЛЬНЕ НЕКОМЕРЦІЙНЕ ПІДПРИЄМСТВО ВІННИЦЬКА МІСЬКА КЛІНІЧНА ЛІКАРНЯ №1","вул. Хмельницьке шосе, буд. 96","Вінницька","15.03.2021 0:00:00","287","15.03.2021 9:22:27","0","0","0","0","0","0","0","0","0","0","0","0","0","0","0","0","0","0","0","0","0","0","0","0","29","29","8","0","29","8","8","0","0","2","0","17","1","0","0","27","1","10000","120","10800","100","6000","120","10000","400","7000","50","500","20","500","20","10000","200","1000","10","75","1","0","0","910","20","0","0","0","1","1","","","","","","","","","","","","","","","","","","","","","","","","","","",""
"596293","Визначено як лікарня для госпіталізації","01982666","КОМУНАЛЬНЕ НЕКОМЕРЦІЙНЕ ПІДПРИЄМСТВО ТРОСТЯНЕЦЬКА ЦЕНТРАЛЬНА РАЙОННА ЛІКАРНЯ","смт Тростянець, вул. Мічуріна, буд.60","Вінницька","15.03.2021 0:00:00","288","15.03.2021 9:46:03","0","0","0","0","0","0","0","0","0","0","0","0","0","0","0","0","0","0","0","0","0","0","0","0","0","0","0","0","0","7","0","1","0","0","0","3","0","0","0","13","0","1200","10","520","20","280","10","24600","200","0","0","0","0","120","10","17800","200","270","5","1737","6","0","0","948","0","0","0","0","1","1","","","","","","","","","","","","","","","","","","","","","","","","","","",""
"596495","Визначено як лікарня для госпіталізації","33868196","КНП ""Шаргородська центральна районна лікарня""","23500, Вінницька обл., Шаргородський р-н, м.Шаргород, вул. Чорновола, 9","Вінницька","15.03.2021 0:00:00","289","15.03.2021 10:59:31","0","0","0","0","0","0","0","0","0","0","0","0","0","0","0","0","0","0","0","0","0","0","0","0","2","0","5","0","0","5","5","0","0","1","0","8","0","0","0","48","1","2340","58","1500","58","990","12","6050","116","400","0","0","0","106","58","2500","0","110","0","1637","12","0","0","395","34","0","0","2","1","1","","","","","","","","","","","","","","","","","","","","","","","","","","",""
"596339","Визначено як лікарня для госпіталізації","35814729","КОМУНАЛЬНЕ ПІДПРИЄМСТВО КОЗЯТИНСЬКА ЦЕНТРАЛЬНА РАЙОННА ЛІКАРНЯ КОЗЯТИНСЬКОЇ РАЙОННОЇ РАДИ","м. Козятин, вул. Винниченка,буд.  9","Вінницька","15.03.2021 0:00:00","290","15.03.2021 10:01:35","0","0","0","0","0","0","0","0","0","0","0","0","0","0","0","0","0","0","0","0","0","0","0","0","0","0","3","0","0","16","3","2","0","2","1","13","0","0","0","60","1","431","0","920","20","690","15","5400","70","50","0","220","0","580","0","12500","50","46","2","1792","3","0","0","1324","0","0","0","0","1","1","","","","","","","","","","","","","","","","","","","","","","","","","","",""
"596273","Визначено як лікарня для госпіталізації","34004453","Комунальний заклад Вінницька обласна клінічна дитяча інфекційна лікарня","вул. Київська, 68","Вінницька","15.03.2021 0:00:00","291","15.03.2021 9:37:48","0","0","0","0","0","0","0","0","0","0","0","0","0","0","0","0","0","0","0","0","0","0","0","0","3","0","0","0","0","4","0","1","0","1","0","4","0","0","0","6","1","1279","10","4563","40","1570","20","33125","100","0","0","135","139","194","0","37900","100","64","2","960","13","0","0","440","10","0","0","1","1","1","","","","","","","","","","","","","","","","","","","","","","","","","","",""
"596323","Визначено як лікарня для госпіталізації","03398983","Волинська обласна інфекційна лікарня","вул. Шевченка, 30","Волинська","15.03.2021 0:00:00","292","15.03.2021 9:55:03","0","0","0","0","0","0","0","0","0","0","0","0","0","0","0","0","0","0","0","0","0","0","0","0","3","3","1","0","3","3","1","0","0","4","0","13","0","0","0","67","1","0","0","3797","100","4166","100","161669","500","0","0","1175","0","515","0","2820","500","138","2","0","0","0","0","5125","50","0","0","2","1","1","","","","","","","","","","","","","","","","","","","","","","","","","","",""
"596337","Визначено як лікарня для госпіталізації","01983163","Волинська обласна клінічна лікарня","просп. Грушевського, буд.21","Волинська","15.03.2021 0:00:00","293","15.03.2021 10:00:01","0","0","0","0","0","0","0","0","0","0","0","0","0","0","0","0","0","0","0","0","0","0","0","0","7","6","0","0","6","9","0","0","0","1","1","18","0","0","0","26","1","1275","0","3740","0","1681","0","490","0","0","0","1572","0","0","0","6587","0","236","0","0","0","0","0","844","0","0","0","0","1","1","","","","","","","","","","","","","","","","","","","","","","","","","","",""
"596292","Визначено як лікарня для госпіталізації","01982940","Ковельське міськрайонне територіальне медичне об'єднання","вул.Олени Пчілки, 4","Волинська","15.03.2021 0:00:00","295","15.03.2021 9:45:25","0","0","0","0","0","0","0","0","0","0","0","0","0","0","0","0","0","0","0","0","0","0","0","0","4","1","0","0","1","4","0","0","0","1","0","10","0","0","1","43","1","2090","10","4988","5","3390","40","58418","300","500","0","214","0","479","0","77800","600","1110","5","1292","31","0","0","1045","20","0","0","0","1","1","","","","","","","","","","","","","","","","","","","","","","","","","","",""
"595959","Визначено як лікарня для госпіталізації","37271416","КОМУНАЛЬНЕ НЕКОМЕРЦІЙНЕ ПІДПРИЄМСТВО ЛЮБОМЛЬСЬКЕ ТЕРИТОРІАЛЬНЕ МЕДИЧНЕ ОБ'ЄДНАННЯ ЛЮБОМЛЬСЬКОЇ РАЙОННОЇ РАДИ","с. Згорани, вул. Садова, буд. 30","Волинська","15.03.2021 0:00:00","296","15.03.2021 7:37:08","0","0","0","0","0","0","0","0","0","0","0","0","0","0","0","0","0","0","0","0","0","0","0","0","3","0","0","0","0","7","0","1","0","2","2","21","0","0","0","40","1","347","10","3214","22","941","18","3861","86","0","0","190","0","336","0","7940","88","15","3","1197","12","0","0","967","0","0","0","0","1","1","","","","","","","","","","","","","","","","","","","","","","","","","","",""
"596352","Визначено як лікарня для госпіталізації","01983016","КОМУНАЛЬНЕ НЕКОМЕРЦІЙНЕ ПІДПРИЄМСТВО НОВОВОЛИНСЬКА ЦЕНТРАЛЬНА МІСЬКА ЛІКАРНЯ","пр-т Перемоги, 7","Волинська","15.03.2021 0:00:00","297","15.03.2021 10:07:32","0","0","0","0","0","0","0","0","0","0","0","0","0","0","0","0","0","0","0","0","0","0","0","0","3","3","0","0","3","4","0","1","0","3","0","14","0","0","1","60","1","5871","0","11779","0","6340","0","59009","0","5000","0","50","0","1020","0","16650","0","262","0","1441","67","0","0","1714","21","0","0","4","1","1","","","","","","","","","","","","","","","","","","","","","","","","","","",""
"596442","Визначено як лікарня для госпіталізації","03399089","КОМУНАЛЬНЕ ПІДПРИЄМСТВО ЛУЦЬКИЙ КЛІНІЧНИЙ ПОЛОГОВИЙ БУДИНОК","вул.Гулака-Артемовського, буд. 18","Волинська","15.03.2021 0:00:00","298","15.03.2021 10:42:24","0","0","0","0","0","0","0","0","0","0","0","0","0","0","0","0","0","0","0","0","0","0","0","0","1","0","0","0","0","6","0","2","0","1","0","7","0","0","0","5","1","210","20","170","0","700","0","2550","50","0","0","0","0","370","0","4950","50","9","3","46","0","0","0","114","0","0","0","0","1","1","","","","","","","","","","","","","","","","","","","","","","","","","","",""
"596316","Визначено як лікарня для госпіталізації","38856054","Комунальний заклад Ківерцівське районне територіальне об'єднання","м. Ківерці, вул. Філатова, буд. 6","Волинська","15.03.2021 0:00:00","299","15.03.2021 9:53:00","0","0","0","0","0","0","0","0","0","0","0","0","0","0","0","0","0","0","0","0","0","0","0","0","0","0","0","0","0","6","0","0","0","0","0","3","0","0","0","43","0","1700","0","3940","0","1064","0","9900","0","0","0","415","0","0","0","9900","0","147","0","195","7","1570","0","0","0","0","0","0","1","0","","","","","","","","","","","","","","","","","","","","","","","","","","",""
"598038","Визначено як лікарня для госпіталізації","01985127","Комунальний заклад Дитяча міська клінічна лікарня №6","вул. Караваєва, 68","Дніпропетровська","15.03.2021 0:00:00","300","16.03.2021 9:22:01","0","0","0","0","0","0","0","0","0","0","0","0","0","0","0","0","0","0","0","0","0","0","0","0","3","0","0","0","0","0","0","6","2","2","0","8","0","0","0","30","1","3056","27","6123","53","2225","2","22320","142","1196","0","55","0","679","0","35494","170","678","2","686","0","0","0","824","44","0","0","0","1","1","","","","","","","","","","","","","","","","","","","","","","","","","","",""
"596683","Визначено як лікарня для госпіталізації","01985423","Комунальний заклад Дніпропетровська обласна клінічна лікарня ім.І.І.Мечникова","пл.Жовтнева, буд.14","Дніпропетровська","15.03.2021 0:00:00","301","15.03.2021 12:56:13","0","0","0","0","0","0","0","0","0","0","0","0","0","0","0","0","0","0","0","0","0","0","0","0","18","0","0","0","0","35","0","0","0","11","27","48","0","0","1","199","1","12000","88","4000","150","5370","60","6550","150","0","0","0","0","468","40","120000","400","1430","10","95","0","8000","300","100","0","0","0","0","1","1","","","","","","","","","","","","","","","","","","","","","","","","","","",""
"596407","Визначено як лікарня для госпіталізації","01986115","Комунальний заклад Криворізька інфекційна лікарня №1 Дніпропетровської обласної ради","вул. Олейникова, 5","Дніпропетровська","15.03.2021 0:00:00","302","15.03.2021 10:26:30","0","0","0","0","0","0","0","0","0","0","0","0","0","0","0","0","0","0","0","0","0","0","0","0","0","0","0","0","0","28","0","0","0","2","0","20","0","0","0","101","1","0","0","4783","263","4727","348","84933","535","0","0","0","0","1428","0","4708","398","256","3","935","6","0","0","0","0","0","0","1","1","1","","","","","","","","","","","","","","","","","","","","","","","","","","",""
"596187","Визначено як лікарня для госпіталізації","01985995","КОМУНАЛЬНИЙ ЗАКЛАД КРИВОРІЗЬКА МІСЬКА ЛІКАРНЯ №7 КРИВОРІЗЬКОЇ МІСЬКОЇ РАДИ","вул. Маршака, буд. 1А","Дніпропетровська","15.03.2021 0:00:00","303","15.03.2021 9:15:45","0","0","0","0","0","0","0","0","0","0","0","0","0","0","0","0","0","0","0","0","0","0","0","0","10","0","0","0","0","4","0","0","0","0","1","6","0","0","0","68","0","861","15","9801","50","2174","0","80450","250","250","0","300","0","900","0","86332","160","329","3","404","3","0","0","2802","40","0","0","0","1","1","","","","","","","","","","","","","","","","","","","","","","","","","","",""
"596581","Визначено як лікарня для госпіталізації","01280527","Комунальне некомерційне підприємство ""Мiська клiнiчна лiкарня № 4"" Дніпровської міської ради""","49102, Дніпропетровська обл., місто Дніпро, вулиця. Ближня, будинок 31","Дніпропетровська","15.03.2021 0:00:00","304","15.03.2021 11:43:50","0","0","0","0","0","0","0","0","0","0","0","0","0","0","0","0","0","0","0","0","0","0","0","0","6","2","0","0","2","6","0","0","0","0","0","12","0","0","1","153","1","16023","60","8480","20","14510","100","26093","400","5000","0","0","0","695","0","210700","1000","74","2","0","0","0","0","0","0","0","0","4","1","1","","","","","","","","","","","","","","","","","","","","","","","","","","",""
"596563","Визначено як лікарня для госпіталізації","01984624","Комунальний заклад Міська клінічна лікарня №16","вул. Героїв Сталінграду, 19","Дніпропетровська","15.03.2021 0:00:00","305","15.03.2021 11:34:07","0","0","0","0","0","0","0","0","0","0","0","0","0","0","0","0","0","0","0","0","0","0","0","0","9","4","0","0","0","10","0","0","0","0","0","19","1","0","0","117","1","2460","20","17400","50","2340","20","11900","100","250","0","0","0","915","0","12700","100","286","3","38","0","0","0","3370","40","0","0","0","1","1","","","","","","","","","","","","","","","","","","","","","","","","","","",""
"596326","Визначено як лікарня для госпіталізації","01984659","Комунальний заклад міська клінічна лікарня №21 ім.проф. Є.Г.Попкової","вул. Канатна, 17","Дніпропетровська","15.03.2021 0:00:00","306","15.03.2021 9:55:52","0","0","0","0","0","0","0","0","0","0","0","0","0","0","0","0","0","0","0","0","0","0","0","0","17","0","1","0","0","18","1","1","0","8","0","39","0","0","0","151","1","2360","300","32195","0","4577","150","39800","0","0","0","0","0","2778","0","2600","400","18949","30","824","0","0","0","50650","0","0","0","0","1","1","","","","","","","","","","","","","","","","","","","","","","","","","","",""
"596430","Визначено як лікарня для госпіталізації","01984441","Комунальне некомерційне підприємство ""Міська клінічна лікарня № 6"" Дніпровської міської ради""","49074, Дніпропетровська обл., місто Дніпро, вулиця Батумська, будинок 13","Дніпропетровська","15.03.2021 0:00:00","307","15.03.2021 10:37:14","0","0","0","0","0","0","0","0","0","0","0","0","0","0","0","0","0","0","0","0","0","0","0","0","5","0","0","0","0","11","0","0","0","0","11","14","0","0","0","165","0","6645","0","6190","0","340","0","37700","0","0","0","0","0","431","0","19100","0","432","0","680","1","0","0","422","16","0","0","4","1","1","","","","","","","","","","","","","","","","","","","","","","","","","","",""
"596651","Визначено як лікарня для госпіталізації","01987273","КОМУНАЛЬНИЙ ЗАКЛАД НОВОМОСКОВСЬКА ЦЕНТРАЛЬНА МІСЬКА ЛІКАРНЯ ","вул. Сучкова, буд. 40","Дніпропетровська","15.03.2021 0:00:00","308","15.03.2021 12:21:14","0","0","0","0","0","0","0","0","0","0","0","0","0","0","0","0","0","0","0","0","0","0","0","0","0","0","0","0","0","10","0","0","0","1","5","8","0","0","0","52","0","7623","43","4854","0","2952","25","109405","256","189","0","0","0","235","0","11097","340","554","1","859","2","0","0","1387","52","0","0","0","1","1","","","","","","","","","","","","","","","","","","","","","","","","","","",""
"596319","Визначено як лікарня для госпіталізації","01987416","Комунальний заклад Першотравенська центральна міська лікарня Дніпропетровської обласної ради","вул. Леніна, буд.1","Дніпропетровська","15.03.2021 0:00:00","309","15.03.2021 9:53:38","0","0","0","0","0","0","0","0","0","0","0","0","0","0","0","0","0","0","0","0","0","0","0","0","0","0","0","0","0","10","0","2","0","0","0","10","0","0","0","81","0","4015","0","5143","0","5935","0","28300","200","430","0","137","0","295","0","10100","214","296","0","931","41","0","0","1600","0","0","0","0","1","1","","","","","","","","","","","","","","","","","","","","","","","","","","",""
"596360","Визначено як лікарня для госпіталізації","01989160","Комунальне некомерційне підприємство ""Синельникiвська центральна міська лiкарня"" Синельниківської міської ради""","52500, Дніпропетровська обл., місто Синельникове, вулиця Миру, будинок 52","Дніпропетровська","15.03.2021 0:00:00","310","15.03.2021 10:11:19","0","0","0","0","0","0","0","0","0","0","0","0","0","0","0","0","0","0","0","0","0","0","0","0","1","0","0","0","0","15","0","0","0","0","0","13","0","0","0","75","0","1500","22","1700","40","1400","0","40300","300","1500","0","0","0","768","0","17100","200","138","2","432","22","0","0","1304","14","0","0","0","1","1","","","","","","","","","","","","","","","","","","","","","","","","","","",""
"596110","Визначено як лікарня для госпіталізації","05411245","КНП Кам`янської міської ради Міська лікарня № 7 ","51900, Дніпропетровська обл., м. Кам’янське,  вул. Сергія Слісаренко, 3","Дніпропетровська","15.03.2021 0:00:00","311","15.03.2021 8:52:24","0","0","0","0","0","0","0","0","0","0","0","0","0","0","0","0","0","0","0","0","0","0","0","0","2","0","2","0","0","22","2","0","0","0","0","11","0","0","0","322","1","840","10","7200","200","3880","30","92600","200","900","0","0","0","1360","10","34800","300","1187","2","660","5","0","0","7130","30","0","0","0","1","1","","","","","","","","","","","","","","","","","","","","","","","","","","",""
"596018","Визначено як лікарня для госпіталізації","23644906","КНП “Мiська клiнiчна лiкарня № 8” Дніпровської міської ради ","49100, Дніпропетровська обл., місто Дніпро, вул. Космічна, будинок 19","Дніпропетровська","15.03.2021 0:00:00","312","15.03.2021 8:25:22","0","0","0","0","0","0","0","0","0","0","0","0","0","0","0","0","0","0","0","0","0","0","0","0","13","0","0","0","0","5","0","0","0","0","0","8","0","0","0","68","0","596","0","608","0","21","0","11809","46","0","0","0","0","479","0","654","39","26","1","783","2","0","0","0","0","0","0","0","0","1","","","","","","","","","","","","","","","","","","","","","","","","","","",""
"596128","Визначено як лікарня для госпіталізації","01990217","КНП Багатопрофільна лікарня інтенсивного лікування м. Бахмут","вул. Сібірцева, буд.15","Донецька","15.03.2021 0:00:00","313","15.03.2021 8:58:04","0","0","0","0","0","0","0","0","0","0","0","0","0","0","0","0","0","0","0","0","0","0","0","0","3","0","0","0","0","27","0","0","0","3","0","28","0","0","0","85","1","4510","0","7336","0","2028","0","73720","0","490","5","0","0","978","0","20096","0","325","5","0","0","0","0","529","18","0","0","1","1","1","","","","","","","","","","","","","","","","","","","","","","","","","","",""
"596406","Визначено як лікарня для госпіталізації","01989763","КНП Волноваська центральна районна лікарня","м. Волноваха, пров.Матросова, буд.5","Донецька","15.03.2021 0:00:00","314","15.03.2021 10:26:24","0","0","0","0","0","0","0","0","0","0","0","0","0","0","0","0","0","0","0","0","0","0","0","0","4","0","1","0","0","6","1","2","0","2","0","14","0","0","0","77","1","200","0","600","0","1500","0","20000","0","250","0","0","0","100","0","6000","0","40","0","260","0","0","0","300","0","0","0","1","1","1","","","","","","","","","","","","","","","","","","","","","","","","","","",""
"596554","Визначено як лікарня для госпіталізації","01989728","КНП Великоновосілківська центральна районна лікарня","смт Велика Новосілка, пров. Южний, буд.3","Донецька","15.03.2021 0:00:00","315","15.03.2021 11:26:33","0","0","0","0","0","0","0","0","0","0","0","0","0","0","0","0","0","0","0","0","0","0","0","0","2","0","0","0","0","8","0","0","0","1","0","6","0","0","0","17","0","1470","25","1526","4","173","2","5498","126","300","0","186","0","311","0","5442","240","253","0","661","0","0","0","596","0","0","0","0","1","1","","","","","","","","","","","","","","","","","","","","","","","","","","",""
"596320","Визначено як лікарня для госпіталізації","03096940","КНП Інфекційна лікарня м. Костянтинівка","вул. Калініна, буд.17","Донецька","15.03.2021 0:00:00","316","15.03.2021 9:54:01","0","0","0","0","0","0","0","0","0","0","0","0","0","0","0","0","0","0","0","0","0","0","0","0","11","0","0","0","0","0","0","0","0","1","0","36","0","0","0","75","1","6506","0","4224","0","1068","0","175700","0","0","0","0","0","2652","0","7300","0","230","0","593","2","0","0","1157","4","0","0","0","1","1","","","","","","","","","","","","","","","","","","","","","","","","","","",""
"596332","Визначено як лікарня для госпіталізації","01990810","Комунальна медична установа Міська лікарня №3","вул. Соціалістична, 31","Донецька","15.03.2021 0:00:00","317","15.03.2021 9:58:05","0","0","0","0","0","0","0","0","0","0","0","0","0","0","0","0","0","0","0","0","0","0","0","0","2","2","1","0","2","10","1","0","0","0","0","12","0","0","0","134","0","1900","10","3300","10","400","0","10100","100","700","0","0","0","200","0","650","50","206","1","618","4","0","0","500","0","0","0","0","1","1","","","","","","","","","","","","","","","","","","","","","","","","","","",""
"596088","Визначено як лікарня для госпіталізації","01990654","Комунальна установа Маріупольська міська лікарня №4 ім.І.К.Мацука","вул.Пашковського, 4","Донецька","15.03.2021 0:00:00","318","15.03.2021 8:47:29","0","0","0","0","0","0","0","0","0","0","0","0","0","0","0","0","0","0","0","0","0","0","0","0","12","1","0","0","0","2","0","0","0","0","0","10","0","0","0","102","1","6738","160","7620","100","4920","40","36996","600","0","0","0","0","195","5","18049","400","127","4","0","0","21684","420","21684","420","0","0","4","1","1","","","","","","","","","","","","","","","","","","","","","","","","","","",""
"596135","Визначено як лікарня для госпіталізації","01990660","Комунальна установа Маріупольська міська лікарня швидкої медичної допомоги","вул.Бахмутська, 20-А","Донецька","15.03.2021 0:00:00","320","15.03.2021 8:59:37","0","0","0","0","0","0","0","0","0","0","0","0","0","0","0","0","0","0","0","0","0","0","0","0","9","4","0","0","4","6","0","0","0","1","0","6","0","0","0","6","1","2300","20","3300","20","3170","10","88500","50","0","0","0","0","219","0","28900","100","34","2","306","16","0","0","120","0","0","0","0","1","1","","","","","","","","","","","","","","","","","","","","","","","","","","",""
"596662","Визначено як лікарня для госпіталізації","01990756","КНП Багатопрофільна лікарня інтенсивного лікування Костянтинівської міської ради","пр-т  Ломоносова, буд.161","Донецька","15.03.2021 0:00:00","321","15.03.2021 12:35:14","0","0","0","0","0","0","0","0","0","0","0","0","0","0","0","0","0","0","0","0","0","0","0","0","1","0","0","0","0","15","0","3","0","2","0","28","0","0","0","79","0","810","5","2484","40","2225","40","9800","100","0","0","0","0","70","0","22700","200","963","2","549","0","0","0","2032","39","0","0","4","1","1","","","","","","","","","","","","","","","","","","","","","","","","","","",""
"596072","Визначено як лікарня для госпіталізації","01990418","КОМУНАЛЬНЕ НЕКОМЕРЦІЙНЕ ПІДПРИЄМСТВО ЦЕНТРАЛЬНА МІСЬКА ЛІКАРНЯ М.ТОРЕЦЬКА","вул. Центральна, буд. 55","Донецька","15.03.2021 0:00:00","322","15.03.2021 8:41:07","0","0","0","0","0","0","0","0","0","0","0","0","0","0","0","0","0","0","0","0","0","0","0","0","0","0","0","0","0","12","0","0","0","0","0","15","0","0","0","123","0","3000","0","780","0","800","0","0","0","0","0","0","0","10","0","4000","0","96","2","405","30","0","0","19068","0","0","0","0","1","0","","","","","","","","","","","","","","","","","","","","","","","","","","",""
"596705","Визначено як лікарня для госпіталізації","42170577","КОМУНАЛЬНИЙ ЗАКЛАД ОХОРОНИ ЗДОРОВ'Я ОБЛАСНИЙ ПЕРИНАТАЛЬНИЙ ЦЕНТР М.КРАМАТОРСЬК","вул. Олекси Тихого, буд. 17","Донецька","15.03.2021 0:00:00","323","15.03.2021 15:42:00","0","0","0","0","0","0","0","0","0","0","0","0","0","0","0","0","0","0","0","0","0","0","0","0","5","0","0","0","0","4","0","0","0","0","0","10","0","0","0","28","1","1400","50","0","0","0","0","850","50","0","0","160","10","0","0","700","100","249","2","428","20","0","0","970","0","0","0","0","1","0","","","","","","","","","","","","","","","","","","","","","","","","","","",""
"595977","Визначено як лікарня для госпіталізації","01990648","Комунальний заклад охорони здоров'я Перинатальний центр м. Маріуполь","вул. Металургійна, 1","Донецька","15.03.2021 0:00:00","324","15.03.2021 8:02:13","0","0","0","0","0","0","0","0","0","0","0","0","0","0","0","0","0","0","0","0","0","0","0","0","7","0","0","0","0","0","0","1","0","0","0","10","0","0","0","22","1","4500","10","3490","10","500","10","93800","200","0","0","560","10","200","0","20800","200","478","2","870","6","0","0","270","0","0","0","0","1","1","","","","","","","","","","","","","","","","","","","","","","","","","","",""
"596185","Визначено як лікарня для госпіталізації","31338129","КНП Інфекційна лікарня м. Мирноград","85320, Донецька обл., м. Мирноград, пров. Толбухіна, 44","Донецька","15.03.2021 0:00:00","325","15.03.2021 9:15:15","0","0","0","0","0","0","0","0","0","0","0","0","0","0","0","0","0","0","0","0","0","0","0","0","9","0","0","0","0","0","0","0","0","1","0","20","0","0","0","90","0","1340","20","2206","20","3000","20","53794","200","100","0","0","0","408","0","7270","200","101","2","1810","0","0","0","245","0","0","0","0","1","0","","","","","","","","","","","","","","","","","","","","","","","","","","",""
"596626","Визначено як лікарня для госпіталізації","01992015","Бердичівська центральна міська лікарня","вул. С.Сломницьких, буд.1","Житомирська","15.03.2021 0:00:00","326","15.03.2021 12:05:03","0","0","0","0","0","0","0","0","0","0","0","0","0","0","0","0","0","0","0","0","0","0","0","0","0","0","0","0","0","4","0","2","0","2","0","10","0","0","1","46","0","1670","50","3530","120","960","80","11850","250","0","0","100","0","640","0","6100","250","240","10","440","0","0","0","486","0","0","0","0","1","1","","","","","","","","","","","","","","","","","","","","","","","","","","",""
"596083","Визначено як лікарня для госпіталізації","02774119","Житомирська обласна дитяча лікарня Житомирської обласної ради","с. Станишівка, шосе Сквирське, 6","Житомирська","15.03.2021 0:00:00","327","15.03.2021 8:45:28","0","0","0","0","0","0","0","0","0","0","0","0","0","0","0","0","0","0","0","0","0","0","0","0","4","0","0","0","0","1","0","0","0","0","0","6","0","0","0","7","1","8325","13","6041","15","6258","0","39490","15","0","0","0","0","1361","4","65728","30","1236","0","90","0","0","0","0","0","0","0","0","1","1","","","","","","","","","","","","","","","","","","","","","","","","","","",""
"595936","Визначено як лікарня для госпіталізації","01991872","Комунальна установа Олевська центральна районна лікарня Олевської районної ради","м. Олевськ, вул. Промислова, 26","Житомирська","15.03.2021 0:00:00","328","15.03.2021 6:21:39","0","0","0","0","0","0","0","0","0","0","0","0","0","0","0","0","0","0","0","0","0","0","0","0","0","0","0","0","0","6","0","0","0","0","0","3","0","0","0","17","0","2404","31","1631","25","1772","10","6736","30","0","0","0","0","1148","9","23995","105","150","0","998","4","0","0","386","0","0","0","0","1","1","","","","","","","","","","","","","","","","","","","","","","","","","","",""
"596583","Визначено як лікарня для госпіталізації","01991671","Комунальна установа Центральна районна лікарня Житомирської районної ради","с.Станишівка, шосе Сквирське, 3","Житомирська","15.03.2021 0:00:00","329","15.03.2021 11:44:06","0","0","0","0","0","0","0","0","0","0","0","0","0","0","0","0","0","0","0","0","0","0","0","0","2","2","1","0","2","8","1","0","0","1","0","10","0","0","0","35","0","1827","24","3342","100","304","32","88590","10","0","0","0","0","955","0","7900","300","140","1","565","10","0","0","1086","80","0","0","0","1","1","","","","","","","","","","","","","","","","","","","","","","","","","","",""
"596396","Визначено як лікарня для госпіталізації","01992050","КОМУНАЛЬНЕ НЕКОМЕРЦІЙНЕ ПІДПРИЄМСТВО КОРОСТЕНСЬКА ЦЕНТРАЛЬНА МІСЬКА ЛІКАРНЯ КОРОСТЕНСЬКОЇ МІСЬКОЇ РАДИ","вул. Миколи Амосова, буд. 8","Житомирська","15.03.2021 0:00:00","330","15.03.2021 10:23:49","0","0","0","0","0","0","0","0","0","0","0","0","0","0","0","0","0","0","0","0","0","0","0","0","7","0","0","0","1","3","0","0","0","0","0","15","0","0","0","60","1","1644","84","1088","15","1853","0","12449","277","0","0","38","0","850","0","24428","449","162","0","1358","5","0","0","2281","26","0","0","0","1","1","","","","","","","","","","","","","","","","","","","","","","","","","","",""
"596395","Визначено як лікарня для госпіталізації","01991820","КОМУНАЛЬНЕ НЕКОМЕРЦІЙНЕ ПІДПРИЄМСТВО НОВОГРАД-ВОЛИНСЬКЕ МІСЬКРАЙОННЕ ТЕРИТОРІАЛЬНЕ МЕДИЧНЕ ОБ'ЄДНАННЯ","вул. Наталії Оржевської, буд. 13","Житомирська","15.03.2021 0:00:00","331","15.03.2021 10:23:37","0","0","0","0","0","0","0","0","0","0","0","0","0","0","0","0","0","0","0","0","0","0","0","0","4","4","0","0","4","3","0","0","0","1","0","12","0","0","0","39","1","9251","11","7281","344","2332","10","26937","303","202","0","0","0","265","0","3201","22","738","4","965","51","0","0","1036","40","0","0","0","1","1","","","","","","","","","","","","","","","","","","","","","","","","","","",""
"596425","Визначено як лікарня для госпіталізації","42435766","КОМУНАЛЬНЕ НЕКОМЕРЦІЙНЕ ПІДПРИЄМСТВО ОВРУЦЬКА МІСЬКА ЛІКАРНЯ ОВРУЦЬКОЇ МІСЬКОЇ РАДИ ЖИТОМИРСЬКОЇ ОБЛАСТІ","м.Овруч, вул. Тараса Шевченка, буд. 106","Житомирська","15.03.2021 0:00:00","332","15.03.2021 10:36:09","0","0","0","0","0","0","0","0","0","0","0","0","0","0","0","0","0","0","0","0","0","0","0","0","3","0","0","0","0","3","0","0","0","0","0","5","0","0","0","13","0","5520","0","6901","0","1310","0","10600","200","0","0","99","0","160","0","4830","200","346","1","1467","21","0","0","930","0","0","0","0","1","1","","","","","","","","","","","","","","","","","","","","","","","","","","",""
"595942","Визначено як лікарня для госпіталізації","01991961","КОМУНАЛЬНЕ НЕКОМЕРЦІЙНЕ ПІДПРИЄМСТВО ЧУДНІВСЬКА ЦЕНТРАЛЬНА РАЙОННА ЛІКАРНЯ","м. Чуднів, вул. Житомирська, буд. 15","Житомирська","15.03.2021 0:00:00","333","15.03.2021 7:14:50","0","0","0","0","0","0","0","0","0","0","0","0","0","0","0","0","0","0","0","0","0","0","0","0","0","0","3","0","0","7","3","0","0","0","0","5","0","0","0","16","0","1519","15","3582","61","5418","35","7715","70","6580","0","0","0","355","0","7411","90","59","1","121","0","0","0","85","0","0","0","1","1","1","","","","","","","","","","","","","","","","","","","","","","","","","","",""
"596599","Визначено як лікарня для госпіталізації","42788614","КОМУНАЛЬНЕ ПІДПРИЄМСТВО ЛІКАРНЯ №1 ЖИТОМИРСЬКОЇ МІСЬКОЇ РАДИ","вул. Велика Бердичівська, буд. 70","Житомирська","15.03.2021 0:00:00","334","15.03.2021 11:52:01","0","0","0","0","0","0","0","0","0","0","0","0","0","0","0","0","0","0","0","0","0","0","0","0","4","0","7","0","0","13","7","0","0","1","0","8","0","0","0","84","0","200","83","3788","72","799","31","52082","890","0","0","0","0","2218","3","12510","838","133","6","502","88","0","0","3800","100","0","0","0","1","1","","","","","","","","","","","","","","","","","","","","","","","","","","",""
"598137","Визначено як лікарня для госпіталізації","01991731","Коростишівська центральна районна лікарня ім.Д.І.Потєхіна","м. Коростишів, вул. Карла Маркса, буд.58","Житомирська","15.03.2021 0:00:00","335","16.03.2021 9:49:15","0","0","0","0","0","0","0","0","0","0","0","0","0","0","0","0","0","0","0","0","0","0","0","0","0","0","0","0","0","5","0","1","0","0","2","4","0","0","0","49","1","7700","30","3650","20","1934","48","6050","50","0","0","0","0","433","0","5500","0","125","10","0","0","0","0","1704","14","0","0","0","1","1","","","","","","","","","","","","","","","","","","","","","","","","","","",""
"596044","Визначено як лікарня для госпіталізації","01991754","Любарська центральна районна лікарня","с. Старий Любар, вул.Медична, буд.5","Житомирська","15.03.2021 0:00:00","336","15.03.2021 8:31:28","0","0","0","0","0","0","0","0","0","0","0","0","0","0","0","0","0","0","0","0","0","0","0","0","1","1","0","0","0","2","0","0","0","1","0","7","0","0","0","36","0","170","0","240","0","1935","5","2300","50","0","0","0","0","156","0","5100","50","27","3","0","0","0","0","38","0","0","0","3","1","1","","","","","","","","","","","","","","","","","","","","","","","","","","",""
"595994","Визначено як лікарня для госпіталізації","01991783","Малинське міськрайонне територіальне медичне об'єднання","вул. Суворова, 83","Житомирська","15.03.2021 0:00:00","337","15.03.2021 8:12:01","0","0","0","0","0","0","0","0","0","0","0","0","0","0","0","0","0","0","0","0","0","0","0","0","2","0","0","0","0","6","0","0","0","0","0","10","0","0","0","43","1","1360","15","105","35","2665","15","3500","200","0","0","250","15","0","0","1200","400","40","5","71","5","0","0","190","30","0","0","0","1","1","","","","","","","","","","","","","","","","","","","","","","","","","","",""
"596322","Визначено як лікарня для госпіталізації","01992156","Закарпатська обласна клінічна лікарня імені Андрія Новака","вул. Перемоги, 22","Закарпатська","15.03.2021 0:00:00","338","15.03.2021 9:54:48","0","0","0","0","0","0","0","0","0","0","0","0","0","0","0","0","0","0","0","0","0","0","0","0","2","1","2","0","1","22","2","0","0","2","1","16","0","0","1","114","1","7295","47","5354","98","2767","94","22474","814","0","0","100","0","1592","0","123828","1256","498","34","949","4","0","0","1308","0","0","0","1","1","1","","","","","","","","","","","","","","","","","","","","","","","","","","",""
"596100","Визначено як лікарня для госпіталізації","01992268","КНП „Обласна дитяча лікарня” Закарпатської обласної ради” ","Закарпатська обл., 
місто Мукачево, 
вул. Франка Івана, буд. 39","Закарпатська","15.03.2021 0:00:00","339","15.03.2021 8:50:19","0","0","0","0","0","0","0","0","0","0","0","0","0","0","0","0","0","0","0","0","0","0","0","0","0","0","0","0","0","0","0","12","0","1","2","13","0","0","0","23","1","15","0","4001","100","1119","10","40120","20","3200","0","660","0","199","0","76020","20","385","5","1148","0","0","0","5","0","0","0","5","1","1","","","","","","","","","","","","","","","","","","","","","","","","","","",""
"596315","Визначено як лікарня для госпіталізації","26464978","КНП „Обласна клінічна інфекційна лікарня” Закарпатської обласної ради”","вул. Грибоєдова, 20 А","Закарпатська","15.03.2021 0:00:00","340","15.03.2021 9:52:54","0","0","0","0","0","0","0","0","0","0","0","0","0","0","0","0","0","0","0","0","0","0","0","0","2","0","0","0","0","6","0","2","0","0","0","10","0","0","0","84","1","740","20","5300","50","11400","50","31400","300","0","0","0","0","660","40","16200","300","171","2","435","0","12","0","511","0","0","0","2","1","1","","","","","","","","","","","","","","","","","","","","","","","","","","",""
"596537","Визначено як лікарня для госпіталізації","26098930","КНП „Обласний клінічний фтизіопульмонологічний лікувально-діагностичний центр” Закарпатської обласної ради","вул. Нахімова, 4","Закарпатська","15.03.2021 0:00:00","341","15.03.2021 11:17:56","0","0","0","0","0","0","0","0","0","0","0","0","0","0","0","0","0","0","0","0","0","0","0","0","4","4","1","0","4","5","1","0","0","1","0","17","0","0","0","63","1","1280","10","1270","30","701","3","89500","300","0","0","950","5","31","0","7500","100","371","3","590","0","0","0","378","0","0","0","0","1","1","","","","","","","","","","","","","","","","","","","","","","","","","","",""
"596507","Визначено як лікарня для госпіталізації","01992819","КНП „Центральна міська клінічна лікарня”  Ужгородської міської ради","вул. Грибоєдова, 20","Закарпатська","15.03.2021 0:00:00","342","15.03.2021 11:06:01","0","0","0","0","0","0","0","0","0","0","0","0","0","0","0","0","0","0","0","0","0","0","0","0","3","0","1","0","0","11","1","0","0","1","0","17","0","0","0","140","1","2414","12","2803","47","7848","7","127210","390","19","0","0","0","2178","5","23600","530","304","2","662","24","0","0","219","0","0","0","0","1","1","","","","","","","","","","","","","","","","","","","","","","","","","","",""
"595983","Визначено як лікарня для госпіталізації","01992914","КНП ""Вільнянська  районна багатопрофільна лікарня"" Вільнянської районної ради","провулок Гнаровської, 6, м.Вільнянськ, Запорізька обл., 70002","Запорізька","15.03.2021 0:00:00","343","15.03.2021 8:07:29","0","0","0","0","0","0","0","0","0","0","0","0","0","0","0","0","0","0","0","0","0","0","0","0","4","1","0","0","1","0","0","0","0","0","0","6","0","0","0","23","0","5540","40","1935","0","1040","10","36260","200","0","0","0","0","237","0","2150","0","56","1","650","6","0","0","416","2","0","0","0","1","1","","","","","","","","","","","","","","","","","","","","","","","","","","",""
"595964","Визначено як лікарня для госпіталізації","05498683","КНП ""Міська лікарня №6"" Запорізької міської ради","вул. Сталеварів, буд.34","Запорізька","15.03.2021 0:00:00","344","15.03.2021 7:47:41","0","0","0","0","0","0","0","0","0","0","0","0","0","0","0","0","0","0","0","0","0","0","0","0","10","2","0","0","2","3","0","0","0","9","0","67","0","0","0","157","1","2571","3","2036","4","1730","1","125853","311","0","0","0","0","835","0","50629","133","2","192","1624","10","0","0","129","6","0","0","0","1","1","","","","","","","","","","","","","","","","","","","","","","","","","","",""
"596048","Визначено як лікарня для госпіталізації","39029713","КНП Бердянської міської ради ""Бердянське територіальне медичне об'єднання""","просп. Праці, буд. 6","Запорізька","15.03.2021 0:00:00","345","15.03.2021 8:32:04","0","0","0","0","0","0","0","0","0","0","0","0","0","0","0","0","0","0","0","0","0","0","0","0","13","1","0","0","3","9","0","1","0","3","0","25","0","0","1","164","1","2603","0","15200","48","321","0","215000","500","0","0","155","0","176","0","95640","360","690","6","1064","26","0","0","1434","16","0","0","0","1","1","","","","","","","","","","","","","","","","","","","","","","","","","","",""
"596519","Визначено як лікарня для госпіталізації","01992908","КНП «Василівська багатопрофільна лікарня інтенсивного лікування»  Василівської районної ради","м.Василівка 7160, вул.Лікарняна 5","Запорізька","15.03.2021 0:00:00","346","15.03.2021 11:11:59","0","0","0","0","0","0","0","0","0","0","0","0","0","0","0","0","0","0","0","0","0","0","0","0","2","0","0","0","0","6","0","1","0","1","0","0","0","0","0","31","0","480","25","2532","20","130","4","13490","110","500","0","482","0","245","0","6900","0","30","0","806","0","0","0","158","0","0","0","1","1","1","","","","","","","","","","","","","","","","","","","","","","","","","","",""
"595971","Визначено як лікарня для госпіталізації","02005131","КНП ""Дніпрорудненська багатопрофільна міська лікарня"" Дніпрорудненської міської ради Василівського району Запорізької області","м.Дніпрорудне, вул. Зелена, буд.2","Запорізька","15.03.2021 0:00:00","347","15.03.2021 7:57:55","0","0","0","0","0","0","0","0","0","0","0","0","0","0","0","0","0","0","0","0","0","0","0","0","5","0","0","0","0","2","0","1","0","4","0","4","0","0","0","27","1","2460","200","6700","440","3080","920","4500","0","0","0","0","0","2193","0","9000","0","420","0","683","1","0","0","216","0","0","0","0","1","1","","","","","","","","","","","","","","","","","","","","","","","","","","",""
"596060","Визначено як лікарня для госпіталізації","05498789","КНП ""Міська дитяча лікарня №5"" Запорізької міської ради","вул. Новгородська, 28-А","Запорізька","15.03.2021 0:00:00","348","15.03.2021 8:35:00","0","0","0","0","0","0","0","0","0","0","0","0","0","0","0","0","0","0","0","0","0","0","0","0","0","0","0","0","0","0","0","12","0","0","0","17","0","0","1","0","1","1787","52","6684","45","287","20","24054","425","0","0","45","0","300","0","16522","435","120","5","58","1","0","0","0","0","0","0","0","1","1","","","","","","","","","","","","","","","","","","","","","","","","","","",""
"596014","Визначено як лікарня для госпіталізації","05498694","КНП "" Міська  лікарня № 9"" ЗМР","вул.Щаслива/Дудикіна,1/6 м. Запоріжжя","Запорізька","15.03.2021 0:00:00","349","15.03.2021 8:23:31","0","0","0","0","0","0","0","0","0","0","0","0","0","0","0","0","0","0","0","0","0","0","0","0","18","12","0","0","16","0","0","0","0","0","2","55","0","0","0","80","0","23589","0","20736","0","4555","0","65450","0","0","0","2390","0","57","0","400","0","291","0","1","0","0","0","0","0","0","0","0","1","1","","","","","","","","","","","","","","","","","","","","","","","","","","",""
"596163","Визначено як лікарня для госпіталізації","05498720","КНП ""Територіальне медичне об'єднання ""Багатопрофільна лікарня інтенсивних методів лікування та швидкої медичної допомоги"" Мелітопольської міської ради Запорізької області","пр-т Богдана Хмельницького, 46","Запорізька","15.03.2021 0:00:00","350","15.03.2021 9:08:13","0","0","0","0","0","0","0","0","0","0","0","0","0","0","0","0","0","0","0","0","0","0","0","0","0","0","6","0","0","14","6","0","0","0","1","10","0","0","1","51","0","6024","40","26986","95","2303","110","74715","44","0","0","90","1","264","0","0","0","12","1","113","2","0","0","918","1","0","0","0","1","1","","","","","","","","","","","","","","","","","","","","","","","","","","",""
"596025","Визначено як лікарня для госпіталізації","05498648","КНП ""Міська лікарня №2"" Запорізької міської ради","вул. Брюллова, буд.6","Запорізька","15.03.2021 0:00:00","351","15.03.2021 8:28:02","0","0","0","0","0","0","0","0","0","0","0","0","0","0","0","0","0","0","0","0","0","0","0","0","11","2","0","0","2","0","0","0","0","0","0","8","0","0","0","46","0","5","0","4399","66","1029","32","10512","43","0","0","0","0","222","0","0","0","116","1","2039","2","0","0","0","0","0","0","0","1","1","","","","","","","","","","","","","","","","","","","","","","","","","","",""
"596358","Визначено як лікарня для госпіталізації","35535544","КНП  ""Міська лікарня №7"" ЗМР","вул. Привокзальна, буд. 9, 
м. Запоріжжя, 69118","Запорізька","15.03.2021 0:00:00","352","15.03.2021 10:11:03","0","0","0","0","0","0","0","0","0","0","0","0","0","0","0","0","0","0","0","0","0","0","0","0","12","2","0","0","2","0","0","0","0","0","0","13","0","0","0","70","0","396","51","5760","72","908","97","13641","350","0","0","0","0","1095","0","11424","320","179","2","0","0","0","0","265","0","0","0","0","1","1","","","","","","","","","","","","","","","","","","","","","","","","","","",""
"596363","Визначено як лікарня для госпіталізації","05498849","КНП ""Обласна інфекційна клінічна лікарня"" Запорізької обласної ради","б-р Гвардійський, 142","Запорізька","15.03.2021 0:00:00","353","15.03.2021 10:11:44","0","0","0","0","0","0","0","0","0","0","0","0","0","0","0","0","0","0","0","0","0","0","0","0","10","0","0","0","0","2","0","0","0","0","0","17","0","0","0","114","1","1920","80","1710","200","4440","180","24100","1600","0","0","0","0","1839","12","5076","0","4","0","0","0","0","0","0","0","0","0","0","1","1","","","","","","","","","","","","","","","","","","","","","","","","","","",""
"596055","Визначено як лікарня для госпіталізації","01992972","КНП ""Пологівська багатопрофільна лікарня інтенсивного лікування"" Пологівської районної ради Запорізької області","м. Пологи, вул. Луначарського, буд.6, вул. Жовтнева, буд.90","Запорізька","15.03.2021 0:00:00","354","15.03.2021 8:34:06","0","0","0","0","0","0","0","0","0","0","0","0","0","0","0","0","0","0","0","0","0","0","0","0","0","0","2","0","0","6","2","0","0","0","0","7","0","0","0","35","0","1246","0","2568","0","1362","0","82724","0","1200","0","0","0","348","0","7011","0","255","0","82","0","0","0","938","0","0","0","8","1","1","","","","","","","","","","","","","","","","","","","","","","","","","","",""
"596501","Визначено як лікарня для госпіталізації","41955911","КП ""Веселівська багатопрофільна лікарня інтенсивного лікування"" Веселівської селищної ради","вул.Горького, 2А, смт.Веселе, Запорізька область","Запорізька","15.03.2021 0:00:00","355","15.03.2021 11:01:19","0","0","0","0","0","0","0","0","0","0","0","0","0","0","0","0","0","0","0","0","0","0","0","0","2","0","0","0","0","7","0","1","0","1","0","6","0","0","0","18","0","295","295","500","0","1150","0","1550","2150","130","0","80","0","140","10","1400","3100","5","0","2828","3","0","0","153","0","0","0","0","1","1","","","","","","","","","","","","","","","","","","","","","","","","","","",""
"596180","Визначено як лікарня для госпіталізації","01992989","КП ""Приморська центральна районна лікарня"" Приморської районної ради","вул. Морська, 74, м. Приморськ, Запорізька обл","Запорізька","15.03.2021 0:00:00","356","15.03.2021 9:13:04","0","0","0","0","0","0","0","0","0","0","0","0","0","0","0","0","0","0","0","0","0","0","0","0","0","0","0","0","0","7","0","0","0","1","1","4","0","0","0","21","0","397","1","2288","20","190","0","39900","50","0","0","14","0","628","0","36893","31","0","0","3962","4","0","0","52","0","0","0","0","1","1","","","","","","","","","","","","","","","","","","","","","","","","","","",""
"596106","Визначено як лікарня для госпіталізації","41477873","КП ""Токмацька багатопрофільна лікарня інтенсивного лікування"" Токмацької міської ради","вул. Центральна, 55 Ж, м. Токмак Запорізької області","Запорізька","15.03.2021 0:00:00","357","15.03.2021 8:51:03","0","0","0","0","0","0","0","0","0","0","0","0","0","0","0","0","0","0","0","0","0","0","0","0","0","0","0","0","0","6","0","0","0","0","0","12","0","0","1","32","0","1064","12","3539","10","630","0","16350","50","0","0","0","0","600","0","9040","10","248","0","3099","1","0","0","11","0","0","0","0","1","1","","","","","","","","","","","","","","","","","","","","","","","","","","",""
"596103","Визначено як лікарня для госпіталізації","01992953","КНП ""Оріхівська багатопрофільна лікарня інтенсивного лікуванняя"" Оріхівської районної ради","м. Оріхів, вул. Паркова, 2","Запорізька","15.03.2021 0:00:00","358","15.03.2021 8:50:38","0","0","0","0","0","0","0","0","0","0","0","0","0","0","0","0","0","0","0","0","0","0","0","0","4","0","0","0","0","1","0","0","0","0","0","6","0","0","0","25","1","2340","10","2450","0","900","0","45900","600","300","0","0","0","560","0","8200","0","100","0","1367","12","0","0","450","0","0","0","0","1","1","","","","","","","","","","","","","","","","","","","","","","","","","","",""
"596150","Визначено як лікарня для госпіталізації","05395687","КНП ""Пологовий будинок №4"" Запорізької міської ради","вул. Дудикіна, буд. 9","Запорізька","15.03.2021 0:00:00","359","15.03.2021 9:04:16","0","0","0","0","0","0","0","0","0","0","0","0","0","0","0","0","0","0","0","0","0","0","0","0","6","0","0","0","0","1","0","2","0","0","1","3","0","0","0","3","0","450","0","3970","0","800","0","1000","50","0","0","100","0","100","0","6400","50","160","0","62","0","0","0","5","0","0","0","0","1","1","","","","","","","","","","","","","","","","","","","","","","","","","","",""
"596478","Визначено як лікарня для госпіталізації","01993032","КНП «Якимівська центральна районна лікарня» Якимівської селищної ради Якимівського району","72503, вул.Центральна,30, смт.Якимівка","Запорізька","15.03.2021 0:00:00","360","15.03.2021 10:53:10","0","0","0","0","0","0","0","0","0","0","0","0","0","0","0","0","0","0","0","0","0","0","0","0","0","0","0","0","0","5","0","1","0","1","3","3","0","0","0","26","1","1000","0","1850","0","550","0","8100","0","50","0","0","0","288","0","900","0","46","6","680","0","0","0","215","0","0","0","0","1","1","","","","","","","","","","","","","","","","","","","","","","","","","","",""
"596702","Визначено як лікарня для госпіталізації","42594137","КНП Спеціалізована медико-санітарна частина Енергодарської міської ради Запорізької області","71502, Запорізька обл., м. Енергодар, вул. Курчатова, 11","Запорізька","15.03.2021 0:00:00","361","15.03.2021 15:01:39","0","0","0","0","0","0","0","0","0","0","0","0","0","0","0","0","0","0","0","0","0","0","0","0","4","0","0","0","0","0","0","0","0","0","0","4","0","0","1","34","1","8000","0","6600","0","989","0","21000","0","0","0","0","0","416","0","12010","0","134","0","11849","1","0","0","1197","6","0","0","0","1","1","","","","","","","","","","","","","","","","","","","","","","","","","","",""
"596667","Визначено як лікарня для госпіталізації","01993428","Городенківська центральна районна лікарня","м. Городенка, вул. Шептицького, 24 е","Івано-Франківська","15.03.2021 0:00:00","362","15.03.2021 12:43:02","0","0","0","0","0","0","0","0","0","0","0","0","0","0","0","0","0","0","0","0","0","0","0","0","6","6","0","0","6","3","0","0","0","0","0","12","0","0","1","30","0","340","10","10270","60","2210","0","8200","100","310","20","210","20","210","0","9100","200","132","1","517","12","0","0","1637","16","0","0","1","1","1","","","","","","","","","","","","","","","","","","","","","","","","","","",""
"596384","Визначено як лікарня для госпіталізації","01993457","Долинська центральна районна лікарня","м.Долина, вул.Грицей, 15","Івано-Франківська","15.03.2021 0:00:00","363","15.03.2021 10:19:22","0","0","0","0","0","0","0","0","0","0","0","0","0","0","0","0","0","0","0","0","0","0","0","0","1","0","3","0","0","5","3","0","0","1","1","14","0","0","1","17","1","30","20","1100","30","420","20","96100","200","0","0","110","0","141","0","2450","350","22","3","595","30","0","0","745","42","0","0","0","1","1","","","","","","","","","","","","","","","","","","","","","","","","","","",""
"596654","Визначено як лікарня для госпіталізації","01993322","Івано-Франківська міська клінічна лікарня №1","вул. Матейки, 34","Івано-Франківська","15.03.2021 0:00:00","364","15.03.2021 12:26:21","0","0","0","0","0","0","0","0","0","0","0","0","0","0","0","0","0","0","0","0","0","0","0","0","4","1","2","0","2","6","2","0","0","0","1","6","0","0","0","20","0","2183","95","9145","117","2840","19","109659","436","0","0","0","0","638","0","42005","649","323","1","0","0","0","0","5560","87","0","0","0","1","1","","","","","","","","","","","","","","","","","","","","","","","","","","",""
"596517","Визначено як лікарня для госпіталізації","01993291","Івано-Франківська обласна клінічна інфекційна лікарня","вул. Гетьмана Сагайдачного, 66","Івано-Франківська","15.03.2021 0:00:00","365","15.03.2021 11:11:00","0","0","0","0","0","0","0","0","0","0","0","0","0","0","0","0","0","0","0","0","0","0","0","0","4","3","5","0","6","5","5","0","0","0","0","14","0","0","1","82","1","750","50","2100","200","5899","115","36000","2500","200","150","693","372","360","40","9508","992","25","5","0","0","0","0","0","0","0","0","2","1","1","","","","","","","","","","","","","","","","","","","","","","","","","","",""
"596637","Визначено як лікарня для госпіталізації","01993305","Івано - Франківська центральна міська клінічна лікарня","вул. Гетьмана Мазепи, 114","Івано-Франківська","15.03.2021 0:00:00","366","15.03.2021 12:10:46","0","0","0","0","0","0","0","0","0","0","0","0","0","0","0","0","0","0","0","0","0","0","0","0","9","7","2","0","7","5","2","0","0","1","0","28","0","0","1","62","1","1252","330","2453","310","380","168","106800","1216","30","0","31","0","691","20","46490","760","389","15","1100","15","0","0","4432","20","0","0","0","1","1","","","","","","","","","","","","","","","","","","","","","","","","","","",""
"596499","Визначено як лікарня для госпіталізації","25596594","Коломийська центральна районна лікарня","вул. Родини Крушельницьких, буд. 26","Івано-Франківська","15.03.2021 0:00:00","367","15.03.2021 11:00:09","0","0","0","0","0","0","0","0","0","0","0","0","0","0","0","0","0","0","0","0","0","0","0","0","0","0","2","0","0","12","2","2","0","2","4","24","0","0","1","32","0","8296","50","1040","35","1500","36","121350","1325","0","0","705","3","651","0","18030","680","297","14","1384","53","0","0","1671","11","0","0","0","1","1","","","","","","","","","","","","","","","","","","","","","","","","","","",""
"596383","Визначено як лікарня для госпіталізації","01993546","КОМУНАЛЬНЕ НЕКОМЕРЦІЙНЕ ПІДПРИЄМСТВО КОСІВСЬКА ЦЕНТРАЛЬНА РАЙОННА ЛІКАРНЯ КОСІВСЬКОЇ РАЙОННОЇ РАДИ ІВАНО-ФРАНКІВСЬКОЇ ОБЛАСТІ","м.Косів, пров. Шевченка, буд. 27","Івано-Франківська","15.03.2021 0:00:00","368","15.03.2021 10:17:36","0","0","0","0","0","0","0","0","0","0","0","0","0","0","0","0","0","0","0","0","0","0","0","0","2","2","5","0","2","6","5","2","0","1","1","3","0","0","1","29","1","270","0","1000","0","3400","0","47000","0","600","0","80","0","5500","0","52000","0","378","0","3086","20","0","0","809","8","0","0","0","1","1","","","","","","","","","","","","","","","","","","","","","","","","","","",""
"596631","Визначено як лікарня для госпіталізації","02009637","Обласний фтизіопульмонологічний центр","вул. Матейка, буд. 53","Івано-Франківська","15.03.2021 0:00:00","369","15.03.2021 12:06:57","0","0","0","0","0","0","0","0","0","0","0","0","0","0","0","0","0","0","0","0","0","0","0","0","7","5","0","0","5","4","0","0","0","0","0","8","8","8","0","31","0","2090","10","3095","10","870","15","113143","201","155","0","19","0","1280","0","5300","250","112","5","237","0","0","0","900","15","0","0","0","1","1","","","","","","","","","","","","","","","","","","","","","","","","","","",""
"596402","Визначено як лікарня для госпіталізації","01993612","Рожнятівська центральна районна лікарня","смт Рожнятів, вул. Шкільна, буд.17","Івано-Франківська","15.03.2021 0:00:00","370","15.03.2021 10:25:19","0","0","0","0","0","0","0","0","0","0","0","0","0","0","0","0","0","0","0","0","0","0","0","0","2","0","0","0","0","2","0","1","0","0","0","23","0","0","0","11","1","430","10","4070","50","2720","40","5600","100","360","0","20","0","400","0","6500","200","103","2","571","10","0","0","860","10","0","0","0","1","1","","","","","","","","","","","","","","","","","","","","","","","","","","",""
"596636","Визначено як лікарня для госпіталізації","01993575","Центральна районна лікарня Надвірнянського району","м. Надвірна, вул. Грушевського, 12","Івано-Франківська","15.03.2021 0:00:00","371","15.03.2021 12:09:57","0","0","0","0","0","0","0","0","0","0","0","0","0","0","0","0","0","0","0","0","0","0","0","0","1","0","0","0","0","7","0","0","0","2","0","12","0","0","1","36","1","50","0","0","0","2700","150","17350","250","0","0","0","0","1100","0","6300","300","40","20","884","0","0","0","2007","20","0","0","0","1","1","","","","","","","","","","","","","","","","","","","","","","","","","","",""
"596278","Визначено як лікарня для госпіталізації","24880520","КНП Білоцерківської міської ради ""Білоцерківська міська лікарня 1""","м.Біла Церква, вул. Ярослава Мудрого, 49","Київська","15.03.2021 0:00:00","372","15.03.2021 9:39:07","0","0","0","0","0","0","0","0","0","0","0","0","0","0","0","0","0","0","0","0","0","0","0","0","1","0","0","0","0","3","0","0","0","0","2","4","0","0","0","52","0","5300","100","1570","20","4400","100","26100","200","0","0","0","0","290","1","3000","200","222","1","72","3","216","46","0","0","0","0","0","1","1","","","","","","","","","","","","","","","","","","","","","","","","","","",""
"596114","Визначено як лікарня для госпіталізації","01994617","Білоцерківський пологовий будинок","вул. Семашко, 7","Київська","15.03.2021 0:00:00","373","15.03.2021 8:53:59","0","0","0","0","0","0","0","0","0","0","0","0","0","0","0","0","0","0","0","0","0","0","0","0","2","0","0","0","0","2","0","2","0","0","3","9","0","0","0","12","1","1284","16","6025","30","3460","17","5812","158","1000","29","1025","0","400","0","300","0","290","3","135","0","0","0","162","0","0","0","3","1","1","","","","","","","","","","","","","","","","","","","","","","","","","","",""
"596093","Визначено як лікарня для госпіталізації","01994497","Броварська центральна районна лікарня","м.Бровари, вул. Шевченка, 14","Київська","15.03.2021 0:00:00","374","15.03.2021 8:48:06","0","0","0","0","0","0","0","0","0","0","0","0","0","0","0","0","0","0","0","0","0","0","0","0","2","0","0","0","0","6","0","0","0","0","0","7","0","0","1","15","1","0","50","2062","115","602","42","21540","4800","7400","2500","0","20","97","16","15250","150","185","160","0","163","0","0","5708","0","0","0","0","1","1","","","","","","","","","","","","","","","","","","","","","","","","","","",""
"595996","Визначено як лікарня для госпіталізації","01994385","Васильківська центральна районна лікарня","вул. Декабристів, буд.87","Київська","15.03.2021 0:00:00","375","15.03.2021 8:14:40","0","0","0","0","0","0","0","0","0","0","0","0","0","0","0","0","0","0","0","0","0","0","0","0","4","4","0","0","0","4","0","0","0","0","0","7","0","0","0","21","1","10548","6","3260","10","1805","15","99031","51","600","0","0","0","1573","0","26246","216","601","3","25","2","0","0","1888","4","0","0","0","1","1","","","","","","","","","","","","","","","","","","","","","","","","","","",""
"596086","Визначено як лікарня для госпіталізації","01994592","КОМУНАЛЬНЕ НЕКОМЕРЦІЙНЕ ПІДПРИЄМСТВО БІЛОЦЕРКІВСЬКОЇ МІСЬКОЇ РАДИ БІЛОЦЕРКІВСЬКА МІСЬКА ЛІКАРНЯ №3","вул. Карбишева, буд. 12","Київська","15.03.2021 0:00:00","376","15.03.2021 8:46:31","0","0","0","0","0","0","0","0","0","0","0","0","0","0","0","0","0","0","0","0","0","0","0","0","6","2","0","0","1","7","0","0","0","0","0","15","0","0","0","20","1","5100","0","4650","0","500","0","79000","0","0","0","0","0","1560","0","2000","0","13","2","72","0","1717","96","1000","200","0","0","2","1","1","","","","","","","","","","","","","","","","","","","","","","","","","","",""
"596125","Визначено як лікарня для госпіталізації","01994669","КОМУНАЛЬНЕ НЕКОМЕРЦІЙНЕ ПІДПРИЄМСТВО ЦЕНТРАЛЬНА РАЙОННА ЛІКАРНЯ КИЄВО-СВЯТОШИНСЬКОЇ РАЙОННОЇ РАДИ","м.Боярка, вул. Соборності, буд. 51","Київська","15.03.2021 0:00:00","377","15.03.2021 8:57:13","0","0","0","0","0","0","0","0","0","0","0","0","0","0","0","0","0","0","0","0","0","0","0","0","0","0","0","0","0","17","0","0","0","0","0","19","0","0","0","4","1","1220","20","8450","30","2910","15","145900","600","1469","0","0","0","178","0","0","0","211","1","168","2","0","0","9600","0","0","0","0","1","1","","","","","","","","","","","","","","","","","","","","","","","","","","",""
"596010","Визначено як лікарня для госпіталізації","01994698","Комунальне некомерційне підприємство «Макарівська центральна районна лікарня» Макарівської районної ради","м. Макарів, вул. Б. Хмельницького, 56","Київська","15.03.2021 0:00:00","378","15.03.2021 8:22:18","0","0","0","0","0","0","0","0","0","0","0","0","0","0","0","0","0","0","0","0","0","0","0","0","0","0","6","0","0","6","6","0","0","0","0","6","0","0","0","80","1","7","0","3745","0","694","0","18400","0","0","0","0","0","105","0","500","0","92","2","25","0","0","0","1332","2","0","0","1","1","1","","","","","","","","","","","","","","","","","","","","","","","","","","",""
"596156","Визначено як лікарня для госпіталізації","01994422","Комунальне некомерційне підприємство «Яготинська центральна районна лікарня» Яготинської районної ради","м. Яготин, вул.  Незалежності, 71","Київська","15.03.2021 0:00:00","379","15.03.2021 9:06:21","0","0","0","0","0","0","0","0","0","0","0","0","0","0","0","0","0","0","0","0","0","0","0","0","0","0","0","0","0","6","0","0","0","0","0","12","0","0","0","31","1","155","26","1909","72","78","32","2019","317","0","0","37","0","337","0","1471","248","101","4","254","0","0","0","149","2","0","0","6","1","1","","","","","","","","","","","","","","","","","","","","","","","","","","",""
"596183","Визначено як лікарня для госпіталізації","01994451","Комунальний заклад Київської обласної ради Київська обласна дитяча лікарня","м.Боярка, вул. Хрещатик, 83","Київська","15.03.2021 0:00:00","380","15.03.2021 9:14:08","0","0","0","0","0","0","0","0","0","0","0","0","0","0","0","0","0","0","0","0","0","0","0","0","2","0","0","0","0","3","0","7","1","0","0","11","0","0","0","20","1","2906","0","3651","0","1698","0","3600","0","0","0","1633","0","304","0","18000","0","361","0","66","11","0","0","4400","0","0","0","0","1","1","","","","","","","","","","","","","","","","","","","","","","","","","","",""
"596042","Визначено як лікарня для госпіталізації","01994942","КНП Кіровоградська обласна лікарня Кіровоградської обласної ради","проспект Університетський, 2/5","Кіровоградська","15.03.2021 0:00:00","382","15.03.2021 8:31:21","0","0","0","0","0","0","0","0","0","0","0","0","0","0","0","0","0","0","0","0","0","0","0","0","7","1","11","0","1","17","11","0","0","2","5","16","0","0","1","122","1","997","47","60","60","592","0","34637","800","3000","0","0","0","1299","0","13350","800","170","5","0","0","5","0","0","0","0","0","6","1","1","","","","","","","","","","","","","","","","","","","","","","","","","","",""
"596005","Визначено як лікарня для госпіталізації","01995203","КОМУНАЛЬНЕ НЕКОМЕРЦІЙНЕ ПІДПРИЄМСТВО МАЛОВИСКІВСЬКА ЦЕНТРАЛЬНА РАЙОННА ЛІКАРНЯ","с. Оникієве, вул. Перемоги, буд. 7А","Кіровоградська","15.03.2021 0:00:00","383","15.03.2021 8:19:44","0","0","0","0","0","0","0","0","0","0","0","0","0","0","0","0","0","0","0","0","0","0","0","0","0","0","0","0","0","5","0","0","0","0","0","3","0","0","0","5","0","60","0","1440","0","4400","0","1600","0","0","0","0","0","140","0","2400","0","443","0","0","0","0","0","40","0","0","0","1","1","1","","","","","","","","","","","","","","","","","","","","","","","","","","",""
"596652","Визначено як лікарня для госпіталізації","05493846","КНП Центральна міська лікарня Міської ради м.Кропивницького","25006, м.Кропивницький, вул.Архітектора Паученка, 45/35","Кіровоградська","15.03.2021 0:00:00","384","15.03.2021 12:22:38","0","0","0","0","0","0","0","0","0","0","0","0","0","0","0","0","0","0","0","0","0","0","0","0","0","0","0","0","0","5","0","0","0","1","0","6","0","0","0","119","0","4581","30","4132","40","5042","20","84250","200","850","0","0","0","1252","50","8791","300","659","3","13","0","0","0","3327","20","0","0","1","1","1","","","","","","","","","","","","","","","","","","","","","","","","","","",""
"596023","Визначено як лікарня для госпіталізації","01995143","КНП Добровеличівська центральна районна лікарня Добровеличівської районної ради","27000, смт Добровеличківка, вул.Аркадія Артюха, 10","Кіровоградська","15.03.2021 0:00:00","385","15.03.2021 8:27:01","0","0","0","0","0","0","0","0","0","0","0","0","0","0","0","0","0","0","0","0","0","0","0","0","1","0","0","0","0","5","0","0","0","0","0","2","0","0","0","41","1","980","10","1644","10","686","10","21257","100","18","0","0","0","279","0","3989","20","436","3","615","5","0","0","257","15","0","0","0","1","0","","","","","","","","","","","","","","","","","","","","","","","","","","",""
"596224","Визначено як лікарня для госпіталізації","05493838","КНП Олександрійська міська лікарня Олександрійської міської ради","вул. Семашка, 15","Кіровоградська","15.03.2021 0:00:00","386","15.03.2021 9:24:48","0","0","0","0","0","0","0","0","0","0","0","0","0","0","0","0","0","0","0","0","0","0","0","0","0","0","3","0","0","6","3","1","0","0","0","6","0","0","0","48","0","2002","0","3850","0","2262","0","29100","0","500","0","0","0","726","0","9800","0","47","0","472","7","0","0","0","0","0","0","0","1","1","","","","","","","","","","","","","","","","","","","","","","","","","","",""
"596073","Визначено як лікарня для госпіталізації","01983683","КНП ""Рубіжанська центральна міська лікарня"" Рубіжанської міської ради Луганської області","вул. Студентська, 19","Луганська","15.03.2021 0:00:00","387","15.03.2021 8:41:37","0","0","0","0","0","0","0","0","0","0","0","0","0","0","0","0","0","0","0","0","0","0","0","0","6","0","0","0","0","14","0","0","0","0","5","0","0","0","0","57","1","60","3","259","16","309","5","35","20","10","0","0","0","305","0","12500","100","10","1","1496","1","0","0","0","0","0","0","0","1","1","","","","","","","","","","","","","","","","","","","","","","","","","","",""
"596036","Визначено як лікарня для госпіталізації","01983714","КНП ""Старобільське районне територіальне медичне об'єднання"" Старобільської районної ради","вул. Монастирська, 67","Луганська","15.03.2021 0:00:00","388","15.03.2021 8:30:46","0","0","0","0","0","0","0","0","0","0","0","0","0","0","0","0","0","0","0","0","0","0","0","0","7","0","0","0","0","10","0","1","0","0","0","27","0","0","0","40","0","1170","0","560","0","1256","3","3450","0","1318","0","0","0","1638","0","1100","0","475","0","0","0","0","0","238","0","0","0","0","1","1","","","","","","","","","","","","","","","","","","","","","","","","","","",""
"596666","Визначено як лікарня для госпіталізації","37336064","КНП ""Біловодська багатпрофільна лікарня"" Біловодської селищної ради","вул. Петровського, 32","Луганська","15.03.2021 0:00:00","389","15.03.2021 12:41:30","0","0","0","0","0","0","0","0","0","0","0","0","0","0","0","0","0","0","0","0","0","0","0","0","7","0","0","0","0","3","0","2","0","0","0","7","0","0","0","19","1","198","4","2967","12","550","5","3833","306","0","0","0","0","654","0","22972","278","222","7","869","1","0","0","95","0","0","0","4","1","1","","","","","","","","","","","","","","","","","","","","","","","","","","",""
"596576","Визначено як лікарня для госпіталізації","05401658","КНП Лисичанської міської ради Луганської області ""Лисичанська багатопрофільна лікарня""","просп. Перемоги, 134","Луганська","15.03.2021 0:00:00","390","15.03.2021 11:41:18","0","0","0","0","0","0","0","0","0","0","0","0","0","0","0","0","0","0","0","0","0","0","0","0","3","0","3","0","0","14","3","4","0","0","1","7","0","0","0","108","1","3073","14","3515","108","1576","10","75618","113","0","0","588","2","0","0","218151","294","728","2","3015","10","0","0","662","5","0","0","0","1","1","","","","","","","","","","","","","","","","","","","","","","","","","","",""
"596677","Визначено як лікарня для госпіталізації","37747995","КНП ""Сєвєродонецька міська багатопрофільна лікарня"" Сєвєродонецької міської ради","вул. Єгорова, 2б","Луганська","15.03.2021 0:00:00","391","15.03.2021 12:50:42","0","0","0","0","0","0","0","0","0","0","0","0","0","0","0","0","0","0","0","0","0","0","0","0","1","0","2","0","0","25","2","5","0","17","0","20","0","0","1","87","0","4705","20","4458","10","1708","20","64533","100","0","0","0","0","589","10","68600","200","320","5","261","0","0","0","28040","0","0","0","0","1","1","","","","","","","","","","","","","","","","","","","","","","","","","","",""
"596588","Визначено як лікарня для госпіталізації","01996326","Кам'янка-Бузька центральна районна лікарня","м. Кам'янка-Бузька, вул. Перемоги, 29, А","Львівська","15.03.2021 0:00:00","392","15.03.2021 11:46:36","0","0","0","0","0","0","0","0","0","0","0","0","0","0","0","0","0","0","0","0","0","0","0","0","1","0","1","0","0","2","1","2","0","3","0","6","0","0","0","57","0","280","60","13650","50","360","16","57000","400","0","0","0","0","182","24","12100","300","130","5","605","3","0","0","130","3","0","0","0","1","0","","","","","","","","","","","","","","","","","","","","","","","","","","",""
"596545","Визначено як лікарня для госпіталізації","01998147","КНП ЛЬВІВСЬКОЇ ОБЛАСНОЇ РАДИ ЛЬВІВСЬКИЙ РЕГІОНАЛЬНИЙ ФТИЗІОПУЛЬМОНОЛОГІЧНИЙ КЛІНІЧНИЙ ЛІКУВАЛЬНО-ДІАГНОСТИЧНИЙ ЦЕНТР","вул. Зелена, буд .477","Львівська","15.03.2021 0:00:00","393","15.03.2021 11:22:55","0","0","0","0","0","0","0","0","0","0","0","0","0","0","0","0","0","0","0","0","0","0","0","0","13","5","0","0","5","7","0","0","0","0","0","9","0","0","1","140","1","9872","33","1948","66","2361","33","30670","100","0","0","0","0","695","0","67720","100","579","1","1131","1","0","0","2465","17","0","0","0","1","1","","","","","","","","","","","","","","","","","","","","","","","","","","",""
"595943","Визначено як лікарня для госпіталізації","01997645","Комунальна 8-А міська клінічна лікарня м.Львова","вул. Навроцького, 23","Львівська","15.03.2021 0:00:00","394","15.03.2021 7:16:24","0","0","0","0","0","0","0","0","0","0","0","0","0","0","0","0","0","0","0","0","0","0","0","0","10","8","0","0","8","10","0","0","0","0","0","18","0","0","0","13","1","4780","30","1040","40","430","20","3400","100","0","0","0","0","740","0","600","200","211","3","3492","17","0","0","1058","8","0","0","0","1","1","","","","","","","","","","","","","","","","","","","","","","","","","","",""
"596480","Визначено як лікарня для госпіталізації","01984263","КОМУНАЛЬНЕ НЕКОМЕРЦІЙНЕ ПІДПРИЄМСТВО ЛЬВІВСЬКОЇ ОБЛАСНОЇ РАДИ ЛЬВІВСЬКА ОБЛАСНА ІНФЕКЦІЙНА КЛІНІЧНА ЛІКАРНЯ","вул. Пекарська, буд. 54","Львівська","15.03.2021 0:00:00","395","15.03.2021 10:53:20","0","0","0","0","0","0","0","0","0","0","0","0","0","0","0","0","0","0","0","0","0","0","0","0","9","0","0","0","0","11","0","1","0","1","0","14","0","0","0","156","1","4850","50","200","50","3300","50","6700","200","0","0","0","0","110","10","27350","200","60","10","250","20","0","0","310","10","0","0","2","1","1","","","","","","","","","","","","","","","","","","","","","","","","","","",""
"596376","Визначено як лікарня для госпіталізації","41045137","КОМУНАЛЬНЕ НЕКОМЕРЦІЙНЕ ПІДПРИЄМСТВО РУДКІВСЬКА ЛІКАРНЯ РУДКІВСЬКОЇ МІСЬКОЇ РАДИ САМБІРСЬКОГО РАЙОНУ ЛЬВІВСЬКОЇ ОБЛАСТІ","м. Рудки, вул. Шевченка, буд. 15А","Львівська","15.03.2021 0:00:00","396","15.03.2021 10:15:54","0","0","0","0","0","0","0","0","0","0","0","0","0","0","0","0","0","0","0","0","0","0","0","0","4","0","0","0","0","3","0","0","0","0","0","4","0","0","0","14","0","0","0","2040","20","160","20","12490","30","0","0","420","5","0","0","1370","30","0","0","0","0","0","0","0","0","0","0","0","1","1","","","","","","","","","","","","","","","","","","","","","","","","","","",""
"595949","Визначено як лікарня для госпіталізації","01997248","КОМУНАЛЬНЕ НЕКОМЕРЦІЙНЕ ПІДПРИЄМСТВО СОКАЛЬСЬКОЇ РАЙОННОЇ РАДИ ЛЬВІВСЬКОЇ ОБЛАСТІ СОКАЛЬСЬКА ЦЕНТРАЛЬНА РАЙОННА ЛІКАРНЯ","м.Сокаль, вул. Я.Мудрого, буд. 26","Львівська","15.03.2021 0:00:00","397","15.03.2021 7:27:07","0","0","0","0","0","0","0","0","0","0","0","0","0","0","0","0","0","0","0","0","0","0","0","0","5","0","0","0","0","2","0","0","0","1","0","12","0","0","0","39","0","439","36","3123","0","593","92","88010","200","31","0","0","0","1575","0","3650","0","168","13","420","0","0","0","1300","32","0","0","0","1","1","","","","","","","","","","","","","","","","","","","","","","","","","","",""
"596206","Визначено як лікарня для госпіталізації","13821460","КОМУНАЛЬНЕ НЕКОМЕРЦІЙНЕ ПІДПРИЄМСТВО СТЕБНИЦЬКА МІСЬКА ЛІКАРНЯ ДРОГОБИЦЬКОЇ МІСЬКОЇ РАДИ","м.Стебник, вул. Січових Стрільців, буд. 2","Львівська","15.03.2021 0:00:00","398","15.03.2021 9:20:02","0","0","0","0","0","0","0","0","0","0","0","0","0","0","0","0","0","0","0","0","0","0","0","0","0","0","0","0","0","7","0","0","0","0","0","6","0","0","0","19","0","140","20","1710","20","30","0","3100","100","0","0","77","0","0","0","950","50","12","0","440","20","0","0","0","0","0","0","0","1","1","","","","","","","","","","","","","","","","","","","","","","","","","","",""
"596056","Визначено як лікарня для госпіталізації","01998161","Комунальний заклад Львівської обласної ради Львівський обласний госпіталь інвалідів війни та репресованих ім. Ю. Липи","м.Винники, вул.  Івасюка, 31","Львівська","15.03.2021 0:00:00","400","15.03.2021 8:34:11","0","0","0","0","0","0","0","0","0","0","0","0","0","0","0","0","0","0","0","0","0","0","0","0","1","1","7","0","1","18","7","0","0","2","0","10","0","0","0","81","1","550","200","1500","200","3870","100","49000","200","0","0","331","0","0","0","2200","100","826","0","15","0","0","0","537","6","0","0","0","1","1","","","","","","","","","","","","","","","","","","","","","","","","","","",""
"595956","Визначено як лікарня для госпіталізації","01996958","КНП Стрийська центральна міська лікарня","82400, Львівська обл., м. Стрий, вул. Дрогобицька, буд. 50","Львівська","15.03.2021 0:00:00","401","15.03.2021 7:34:37","0","0","0","0","0","0","0","0","0","0","0","0","0","0","0","0","0","0","0","0","0","0","0","0","0","0","0","0","0","8","0","0","0","1","0","11","0","0","0","46","0","300","50","2270","30","350","50","11900","100","0","0","250","0","280","0","17900","100","180","10","0","0","0","0","220","0","0","0","0","1","1","","","","","","","","","","","","","","","","","","","","","","","","","","",""
"596429","Визначено як лікарня для госпіталізації","01993664","Київська міська дитяча клінічна інфекційна лікарня","вул. Дегтярівська, 23","м.Київ","15.03.2021 0:00:00","402","15.03.2021 10:36:36","0","0","0","0","0","0","0","0","0","0","0","0","0","0","0","0","0","0","0","0","0","0","0","0","0","0","0","0","0","0","0","8","0","1","1","12","0","0","0","3","1","1510","15","1080","20","14470","30","23800","150","0","0","0","0","620","10","3780","170","39","1","0","0","133","1","2000","20","0","0","9","1","1","","","","","","","","","","","","","","","","","","","","","","","","","","",""
"596596","Визначено як лікарня для госпіталізації","04350694","Київська міська дитяча клінічна лікарня №1","вул. Богатирська, буд.30","м.Київ","15.03.2021 0:00:00","403","15.03.2021 11:50:33","0","0","0","0","0","0","0","0","0","0","0","0","0","0","0","0","0","0","0","0","0","0","0","0","0","0","0","0","0","4","0","0","0","0","0","4","0","0","0","0","1","6500","30","7370","20","1045","0","99000","300","0","0","0","0","570","0","40000","5000","215","5","0","0","0","0","395","5","0","0","4","1","1","","","","","","","","","","","","","","","","","","","","","","","","","","",""
"596096","Визначено як лікарня для госпіталізації","30212155","Київська міська клінічна лікарня № 4","вул. Солом'янська, 17","м.Київ","15.03.2021 0:00:00","404","15.03.2021 8:49:37","0","0","0","0","0","0","0","0","0","0","0","0","0","0","0","0","0","0","0","0","0","0","0","0","26","223","0","0","23","21","0","0","0","1","0","28","0","0","0","117","1","66540","0","38300","140","17514","140","77700","520","0","0","1400","0","3225","140","79800","550","4273","17","2512","2","1005","0","1005","0","0","0","1","1","1","","","","","","","","","","","","","","","","","","","","","","","","","","",""
"596450","Визначено як лікарня для госпіталізації","25680295","Київська міська клінічна лікарня №9","вул. Ризька, буд.1","м.Київ","15.03.2021 0:00:00","405","15.03.2021 10:45:57","0","0","0","0","0","0","0","0","0","0","0","0","0","0","0","0","0","0","0","0","0","0","0","0","14","4","0","0","7","7","0","0","0","2","0","12","0","0","0","25","1","9700","100","13700","100","11800","100","13700","100","0","0","0","0","2600","0","14000","700","546","4","1050","8","0","0","240","10","0","0","2","1","1","","","","","","","","","","","","","","","","","","","","","","","","","","",""
"596528","Визначено як лікарня для госпіталізації","05496796","Київський міський пологовий будинок №3","вул. Василя Кучера, 7","м.Київ","15.03.2021 0:00:00","406","15.03.2021 11:15:56","0","0","0","0","0","0","0","0","0","0","0","0","0","0","0","0","0","0","0","0","0","0","0","0","0","0","0","0","0","5","0","3","0","0","0","6","0","0","0","15","1","30","0","200","20","4220","20","10510","20","0","0","0","0","128","0","19770","20","550","0","284","4","0","0","25","0","0","0","2","1","0","","","","","","","","","","","","","","","","","","","","","","","","","","",""
"596205","Визначено як лікарня для госпіталізації","01993730","Київський міський пологовий будинок №5","03037, м.Київ, Солом'янський район, пр. Валерія Лобановського, буд. 2","м.Київ","15.03.2021 0:00:00","407","15.03.2021 9:19:47","0","0","0","0","0","0","0","0","0","0","0","0","0","0","0","0","0","0","0","0","0","0","0","0","2","0","0","0","0","6","0","7","1","1","1","28","0","0","0","4","1","2890","44","1844","36","879","36","1870","60","0","0","0","0","74","0","3842","180","109","3","10","0","0","0","10","0","0","0","0","0","1","","","","","","","","","","","","","","","","","","","","","","","","","","",""
"596697","Визначено як лікарня для госпіталізації","01994095","КНП «Олександрівська клінічна лікарня м. Києва","вул. Шовковична, 39/1","м.Київ","15.03.2021 0:00:00","408","15.03.2021 13:08:11","0","0","0","0","0","0","0","0","0","0","0","0","0","0","0","0","0","0","0","0","0","0","0","0","7","7","3","0","7","103","3","0","0","21","10","133","2","0","0","73","1","29121","0","80813","0","9690","0","209212","0","0","0","3148","0","3747","0","464740","0","1162","0","258","0","17313","0","6067","0","0","0","2","1","1","","","","","","","","","","","","","","","","","","","","","","","","","","",""
"596338","Визначено як лікарня для госпіталізації","05483078","Міська лікарня №1","вул. Володарського, 4","Миколаївська","15.03.2021 0:00:00","409","15.03.2021 10:00:50","0","0","0","0","0","0","0","0","0","0","0","0","0","0","0","0","0","0","0","0","0","0","0","0","5","5","3","0","5","6","3","0","0","3","2","20","0","0","0","52","1","14500","100","200","50","2820","50","29707","500","0","0","0","0","240","0","15000","500","420","10","0","0","1","0","165","0","0","0","2","1","1","","","","","","","","","","","","","","","","","","","","","","","","","","",""
"596426","Визначено як лікарня для госпіталізації","01998319","КОМУНАЛЬНЕ НЕКОМЕРЦІЙНЕ ПІДПРИЄМСТВО ПЕРВОМАЙСЬКА ЦЕНТРАЛЬНА РАЙОННА ЛІКАРНЯ ПЕРВОМАЙСЬКОЇ РАЙОННОЇ РАДИ МИКОЛАЇВСЬКОЇ ОБЛАСТІ","смт Підгородна, вул. Соборна, буд. 8","Миколаївська","15.03.2021 0:00:00","410","15.03.2021 10:36:18","0","0","0","0","0","0","0","0","0","0","0","0","0","0","0","0","0","0","0","0","0","0","0","0","2","0","8","0","0","11","8","0","0","0","1","7","0","0","0","39","1","1414","24","7960","48","2127","0","8280","360","0","0","0","0","850","0","19362","700","144","12","0","0","0","0","222","6","0","0","0","1","1","","","","","","","","","","","","","","","","","","","","","","","","","","",""
"596298","Визначено як лікарня для госпіталізації","05483138","Міський пологовий будинок №1","вул. Володарського, 5","Миколаївська","15.03.2021 0:00:00","411","15.03.2021 9:47:32","0","0","0","0","0","0","0","0","0","0","0","0","0","0","0","0","0","0","0","0","0","0","0","0","0","0","0","0","0","6","0","0","0","0","0","6","0","0","0","11","0","480","5","2265","17","423","12","5860","120","600","0","0","0","445","10","540","60","56","3","60","0","0","0","28","0","0","0","0","0","0","","","","","","","","","","","","","","","","","","","","","","","","","","",""
"596526","Визначено як лікарня для госпіталізації","43443474","КНП Миколаївський обласний центр лікування інфекційних хвороб Миколаївської обласної ради","Миколаївська обл., м. Миколаїв, вул. Космонавтів, 43","Миколаївська","15.03.2021 0:00:00","412","15.03.2021 11:15:31","0","0","0","0","0","0","0","0","0","0","0","0","0","0","0","0","0","0","0","0","0","0","0","0","2","2","0","0","0","25","0","0","0","5","0","19","0","0","0","65","1","3550","10","475","115","1430","115","74190","380","65","0","140","0","550","0","13890","115","453","14","829","3","327","1","3598","30","0","0","5","0","1","","","","","","","","","","","","","","","","","","","","","","","","","","",""
"596301","Визначено як лікарня для госпіталізації","33850812","КНП Южноукраїнська міська багатопрофільна лікарня Южноукраїнської міської ради","Миколаївська обл., м. Южноукраїнськ, вул. Миру, 3","Миколаївська","15.03.2021 0:00:00","413","15.03.2021 9:48:32","0","0","0","0","0","0","0","0","0","0","0","0","0","0","0","0","0","0","0","0","0","0","0","0","3","0","0","0","0","10","0","0","0","1","1","10","0","0","1","36","1","89568","20","5560","20","1880","0","52195","100","0","0","0","0","315","0","2680","100","164","2","82","0","0","0","0","0","0","0","1","1","1","","","","","","","","","","","","","","","","","","","","","","","","","","",""
"596310","Визначено як лікарня для госпіталізації","01998443","КП «КНП Вознесенська багатопрофільна лікарня» Вознесенської міської ради","Миколаївська область, Вознесенський район, місто Вознесенськ, вул. 228-ї Стрілецької дивізії, 26","Миколаївська","15.03.2021 0:00:00","414","15.03.2021 9:51:21","0","0","0","0","0","0","0","0","0","0","0","0","0","0","0","0","0","0","0","0","0","0","0","0","4","1","0","0","3","4","0","0","0","1","0","14","0","0","0","30","0","320","20","590","30","460","20","1000","300","0","0","120","0","410","0","2000","300","6","2","0","0","0","0","0","0","0","0","3","1","1","","","","","","","","","","","","","","","","","","","","","","","","","","",""
"596077","Визначено як лікарня для госпіталізації","01998288","КНП «Новобузька центральна районна лікарня» Новобузької районної ради","Миколаївська область, Новобузький район, місто Новий Буг, вул. Івана Огієнка, 14","Миколаївська","15.03.2021 0:00:00","415","15.03.2021 8:43:38","0","0","0","0","0","0","0","0","0","0","0","0","0","0","0","0","0","0","0","0","0","0","0","0","1","0","0","0","0","5","0","0","0","2","0","13","0","0","0","66","0","860","20","2600","20","760","20","43100","200","0","0","0","0","360","10","4200","200","200","5","991","2","0","0","400","0","0","0","0","1","1","","","","","","","","","","","","","","","","","","","","","","","","","","",""
"596057","Визначено як лікарня для госпіталізації","01998354","КНП «Багатопрофільна лікарня Баштанського району» Баштанської районної ради","Миколаївська область, Баштанський район, місто Баштанка, вул. Ювілейна, 3","Миколаївська","15.03.2021 0:00:00","416","15.03.2021 8:34:13","0","0","0","0","0","0","0","0","0","0","0","0","0","0","0","0","0","0","0","0","0","0","0","0","1","0","0","0","0","2","0","1","0","2","0","10","0","0","1","18","0","362","2","2664","3","645","4","1250","100","140","0","188","2","75","0","1130","100","806","1","480","5","0","0","560","5","0","0","1","1","1","","","","","","","","","","","","","","","","","","","","","","","","","","",""
"596502","Визначено як лікарня для госпіталізації","01982146","Дунайська басейнова лікарня на водному транспорті","вул.Железнякова, 182/1","Одеська","15.03.2021 0:00:00","417","15.03.2021 11:02:11","0","0","0","0","0","0","0","0","0","0","0","0","0","0","0","0","0","0","0","0","0","0","0","0","7","4","0","0","4","2","0","0","0","1","1","19","0","0","1","41","1","1440","20","8000","100","3360","20","451000","1000","0","0","330","0","0","0","38000","400","845","5","500","0","0","0","3986","0","0","0","0","1","1","","","","","","","","","","","","","","","","","","","","","","","","","","",""
"596653","Визначено як лікарня для госпіталізації","01999023","Комунальна установа Міська клінічна інфекційна лікарня","вул. Пастера, 5/7","Одеська","15.03.2021 0:00:00","418","15.03.2021 12:24:11","0","0","0","0","0","0","0","0","0","0","0","0","0","0","0","0","0","0","0","0","0","0","0","0","28","0","0","0","1","0","0","0","0","1","0","17","0","0","0","211","1","4200","150","260","400","2050","50","4000","600","0","0","395","0","280","100","4000","700","2135","200","0","0","0","0","35","10","0","0","4","1","1","","","","","","","","","","","","","","","","","","","","","","","","","","",""
"595980","Визначено як лікарня для госпіталізації","21008313","Комунальна установа Одеський обласний клінічний медичний центр","вул. Суднобудівна, 1","Одеська","15.03.2021 0:00:00","419","15.03.2021 8:03:59","0","0","0","0","0","0","0","0","0","0","0","0","0","0","0","0","0","0","0","0","0","0","0","0","9","1","0","0","0","2","0","0","0","0","0","12","0","0","0","89","1","2300","20","300","150","2800","80","112200","200","0","0","0","0","530","0","18200","200","2630","20","660","8","0","0","0","0","0","0","10","1","1","","","","","","","","","","","","","","","","","","","","","","","","","","",""
"596132","Визначено як лікарня для госпіталізації","05446427","Комунальна установа Пологовий будинок №2","вул. Старопортофранківська, 24","Одеська","15.03.2021 0:00:00","420","15.03.2021 8:58:27","0","0","0","0","0","0","0","0","0","0","0","0","0","0","0","0","0","0","0","0","0","0","0","0","2","0","0","0","0","4","0","4","0","0","5","12","0","0","0","24","1","1080","20","3007","25","1080","20","7993","100","0","0","0","0","730","0","9850","100","143","3","472","0","214","0","214","0","0","0","0","0","1","","","","","","","","","","","","","","","","","","","","","","","","","","",""
"596257","Визначено як лікарня для госпіталізації","26418688","Комунальна установа Центральна районна лікарня Ізмаїльського району","с. Кам'янка, вул. Димитрова, 48","Одеська","15.03.2021 0:00:00","421","15.03.2021 9:33:05","0","0","0","0","0","0","0","0","0","0","0","0","0","0","0","0","0","0","0","0","0","0","0","0","0","0","1","0","0","8","1","0","0","0","0","16","0","0","0","81","0","860","20","1140","30","2310","50","12500","150","0","0","220","0","0","0","25650","150","775","0","2361","52","0","0","300","32","0","0","0","1","1","","","","","","","","","","","","","","","","","","","","","","","","","","",""
"596427","Визначено як лікарня для госпіталізації","01982212","КОМУНАЛЬНЕ НЕКОМЕРЦІЙНЕ ПІДПРИЄМСТВО ""ЧОРНОМОРСЬКА ЛІКАРНЯ"" ЧОРНОМОРСЬКОЇ МІСЬКОЇ РАДИ ОДЕСЬКОЇ ОБЛАСТІ","Одеська обл., м. Чорноморськ, вул. В. Шума, 4","Одеська","15.03.2021 0:00:00","423","15.03.2021 10:36:31","0","0","0","0","0","0","0","0","0","0","0","0","0","0","0","0","0","0","0","0","0","0","0","0","0","0","0","0","0","13","0","1","0","0","3","15","0","0","0","181","0","12430","30","4500","50","5600","30","44000","1000","0","0","0","0","6750","10","0","0","260","2","380","5","0","0","35","0","0","0","0","1","1","","","","","","","","","","","","","","","","","","","","","","","","","","",""
"596678","Визначено як лікарня для госпіталізації","01999218","Гадяцька центральна районна лікарня","м.Гадяч, вул. Лохвицька, 1","Полтавська","15.03.2021 0:00:00","425","15.03.2021 12:52:02","0","0","0","0","0","0","0","0","0","0","0","0","0","0","0","0","0","0","0","0","0","0","0","0","8","2","0","0","4","0","0","0","0","2","0","14","0","0","0","31","1","4660","10","6820","20","4455","10","48700","100","0","0","10","0","530","0","7300","100","520","3","868","14","0","0","2968","8","0","0","0","1","1","","","","","","","","","","","","","","","","","","","","","","","","","","",""
"596065","Визначено як лікарня для госпіталізації","01999626","Горішньоплавнівська міська лікарня","вул. Миру, буд. 10","Полтавська","15.03.2021 0:00:00","426","15.03.2021 8:37:41","0","0","0","0","0","0","0","0","0","0","0","0","0","0","0","0","0","0","0","0","0","0","0","0","3","0","0","0","0","15","0","2","0","2","0","23","0","0","1","14","1","33209","0","5919","0","11190","0","85838","0","0","0","0","0","1016","0","28415","0","929","0","0","0","0","0","815","0","0","0","0","1","1","","","","","","","","","","","","","","","","","","","","","","","","","","",""
"596043","Визначено як лікарня для госпіталізації","01999299","Карлівська центральна районна лікарня ім. Л.В.Радевича","м.Карлівка, вул. Радевича, 2","Полтавська","15.03.2021 0:00:00","427","15.03.2021 8:31:23","0","0","0","0","0","0","0","0","0","0","0","0","0","0","0","0","0","0","0","0","0","0","0","0","0","0","0","0","0","7","0","0","0","0","2","9","0","0","0","9","1","368","0","3020","0","4132","0","36100","2000","0","0","137","1","92","0","2800","1450","77","5","785","3","0","0","1620","0","0","0","0","1","1","","","","","","","","","","","","","","","","","","","","","","","","","","",""
"596468","Визначено як лікарня для госпіталізації","01999307","Кобеляцька центральна районна лікарня","м.Кобеляки, вул. Шевченка, 78/109","Полтавська","15.03.2021 0:00:00","428","15.03.2021 10:51:24","0","0","0","0","0","0","0","0","0","0","0","0","0","0","0","0","0","0","0","0","0","0","0","0","1","0","1","0","0","7","1","1","0","1","0","17","0","0","0","31","1","1082","0","2515","0","4890","0","12000","0","75","0","65","0","289","0","13050","0","37","0","761","0","0","0","238","0","0","0","0","1","1","","","","","","","","","","","","","","","","","","","","","","","","","","",""
"596497","Визначено як лікарня для госпіталізації","01999388","Комунальна Лубенська центральна міська лікарня","вул. П'ятикопа, буд.26","Полтавська","15.03.2021 0:00:00","429","15.03.2021 10:59:47","0","0","0","0","0","0","0","0","0","0","0","0","0","0","0","0","0","0","0","0","0","0","0","0","1","1","0","0","1","8","0","2","0","4","0","6","0","0","0","35","0","455","10","7110","20","2243","10","28000","400","900","0","160","4","41","0","23440","300","351","1","991","4","0","0","517","2","0","0","0","1","1","","","","","","","","","","","","","","","","","","","","","","","","","","",""
"595939","Визначено як лікарня для госпіталізації","05385571","КОМУНАЛЬНЕ НЕКОМЕРЦІЙНЕ МЕДИЧНЕ ПІДПРИЄМСТВО КРЕМЕНЧУЦЬКА МІСЬКА ДИТЯЧА ЛІКАРНЯ","вул.Павлова, буд.16","Полтавська","15.03.2021 0:00:00","430","15.03.2021 7:04:30","0","0","0","0","0","0","0","0","0","0","0","0","0","0","0","0","0","0","0","0","0","0","0","0","0","0","0","0","0","0","0","6","0","4","0","11","0","0","0","27","0","7026","2","7256","0","4167","0","64210","600","3000","0","805","0","27","0","29950","350","299","2","536","18","0","0","513","0","0","0","0","1","1","","","","","","","","","","","","","","","","","","","","","","","","","","",""
"596598","Визначено як лікарня для госпіталізації","41318879","Комунальне некомерційне медичне підприємство Лікарня інтенсивного лікування Кременчуцька","вул. Павлова, буд.2","Полтавська","15.03.2021 0:00:00","431","15.03.2021 11:50:50","0","0","0","0","0","0","0","0","0","0","0","0","0","0","0","0","0","0","0","0","0","0","0","0","9","2","0","0","2","21","0","0","0","4","3","9","0","0","1","37","1","1010","20","15490","20","4990","0","54300","200","200","0","0","0","850","0","4740","50","146","1","919","10","0","0","280","0","0","0","0","1","1","","","","","","","","","","","","","","","","","","","","","","","","","","",""
"596706","Визначено як лікарня для госпіталізації","01999359","КОМУНАЛЬНЕ НЕКОМЕРЦІЙНЕ ПІДПРИЄМСТВО ЛОХВИЦЬКА РАЙОННА ЛІКАРНЯ ЛОХВИЦЬКОЇ РАЙОННОЇ РАДИ","м.Лохвиця, вул. Незалежності, буд. 4","Полтавська","15.03.2021 0:00:00","432","15.03.2021 15:45:14","0","0","0","0","0","0","0","0","0","0","0","0","0","0","0","0","0","0","0","0","0","0","0","0","1","0","0","0","0","9","0","1","0","0","0","11","0","0","0","18","1","151","0","2900","0","4000","0","13350","0","33","0","55","0","430","0","50040","0","100","0","0","0","0","0","325","1","0","0","0","1","1","","","","","","","","","","","","","","","","","","","","","","","","","","",""
"596262","Визначено як лікарня для госпіталізації","01999402","КОМУНАЛЬНЕ НЕКОМЕРЦІЙНЕ ПІДПРИЄМСТВО МИРГОРОДСЬКА ЦЕНТРАЛЬНА РАЙОННА ЛІКАРНЯ МИРГОРОДСЬКОЇ РАЙОННОЇ РАДИ","с.Попівка, вул. Центральна, буд. 83","Полтавська","15.03.2021 0:00:00","433","15.03.2021 9:33:44","0","0","0","0","0","0","0","0","0","0","0","0","0","0","0","0","0","0","0","0","0","0","0","0","0","0","1","0","0","13","1","2","0","2","0","10","0","0","0","43","0","602","0","1705","10","1022","0","15538","50","670","0","100","0","800","0","9400","0","300000","0","25","0","0","0","990","0","0","0","0","1","1","","","","","","","","","","","","","","","","","","","","","","","","","","",""
"596569","Визначено як лікарня для госпіталізації","01999483","Комунальне некомерційне підприємство ""Решетилівська центральна районна лікарня Решетилівської районної ради Полтавської області""","38400                                                               Полтавська область,                                       м.Решетилівка,                                                вул. Грушевського, 76","Полтавська","15.03.2021 0:00:00","434","15.03.2021 11:37:56","0","0","0","0","0","0","0","0","0","0","0","0","0","0","0","0","0","0","0","0","0","0","0","0","0","0","0","0","0","5","0","0","0","0","0","14","0","0","0","5","0","360","10","5005","15","1530","15","3100","300","0","0","0","0","290","0","3900","200","16","5","270","10","0","0","121","6","0","0","0","1","1","","","","","","","","","","","","","","","","","","","","","","","","","","",""
"595997","Визначено як лікарня для госпіталізації","01999661","КОМУНАЛЬНЕ ПІДПРИЄМСТВО ПОЛТАВСЬКА ОБЛАСНА КЛІНІЧНА ІНФЕКЦІЙНА ЛІКАРНЯ ПОЛТАВСЬКОЇ ОБЛАСНОЇ РАДИ","просп. Першотравневий, буд. 22","Полтавська","15.03.2021 0:00:00","435","15.03.2021 8:16:24","0","0","0","0","0","0","0","0","0","0","0","0","0","0","0","0","0","0","0","0","0","0","0","0","1","1","6","0","1","18","6","0","0","4","4","30","0","0","0","56","0","6087","4","31194","115","4086","20","144830","400","0","0","440","0","3920","39","91340","500","346","3","6688","37","0","0","5730","38","0","0","5","1","1","","","","","","","","","","","","","","","","","","","","","","","","","","",""
"596676","Визначено як лікарня для госпіталізації","37624798","КОМУНАЛЬНЕ НЕКОМЕРЦІЙНЕ ПІДПРИЄМСТВО ДУБЕНСЬКА ЦЕНТРАЛЬНА РАЙОННА ЛІКАРНЯ ДУБЕНСЬКОЇ РАЙОННОЇ РАДИ РІВНЕНСЬКОЇ ОБЛАСТІ","вул. Львівська, буд. 73","Рівненська","15.03.2021 0:00:00","436","15.03.2021 12:50:12","0","0","0","0","0","0","0","0","0","0","0","0","0","0","0","0","0","0","0","0","0","0","0","0","5","0","0","0","0","2","0","0","0","2","0","20","0","0","0","25","1","5168","62","4470","48","2907","44","15664","498","450","0","1730","10","668","8","46292","478","111","11","4","0","0","0","17","2","0","0","0","1","1","","","","","","","","","","","","","","","","","","","","","","","","","","",""
"596488","Визначено як лікарня для госпіталізації","01999842","КОМУНАЛЬНЕ НЕКОМЕРЦІЙНЕ ПІДПРИЄМСТВО РОКИТНІВСЬКА ЦЕНТРАЛЬНА РАЙОННА ЛІКАРНЯ РОКИТНІВСЬКОЇ РАЙОННОЇ РАДИ, РІВНЕНСЬКОЇ ОБЛАСТІ","смт Рокитне, вул. Руслана Дубовця, буд.24","Рівненська","15.03.2021 0:00:00","437","15.03.2021 10:57:09","0","0","0","0","0","0","0","0","0","0","0","0","0","0","0","0","0","0","0","0","0","0","0","0","0","0","0","0","0","9","0","1","0","1","1","16","0","0","0","34","0","3380","50","3810","20","3000","40","72500","300","430","0","450","5","190","0","13400","400","257","3","746","1","0","0","1233","4","0","0","1","1","1","","","","","","","","","","","","","","","","","","","","","","","","","","",""
"596157","Визначено як лікарня для госпіталізації","02000085","КОМУНАЛЬНЕ НЕКОМЕРЦІЙНЕ ПІДПРИЄМСТВО ЦЕНТРАЛЬНА МІСЬКА ЛІКАРНЯ РІВНЕНСЬКОЇ МІСЬКОЇ РАДИ","вул. Миколи Карнаухова, 25 А","Рівненська","15.03.2021 0:00:00","438","15.03.2021 9:06:39","0","0","0","0","0","0","0","0","0","0","0","0","0","0","0","0","0","0","0","0","0","0","0","0","3","0","6","0","0","10","6","0","0","5","1","32","0","0","0","42","1","5350","50","6000","80","4780","60","73500","250","100","0","440","0","590","0","40000","250","410","10","0","0","0","0","240","0","0","0","1","1","1","","","","","","","","","","","","","","","","","","","","","","","","","","",""
"596138","Визначено як лікарня для госпіталізації","01999796","Комунальний заклад Сарненська центральна районна лікарня Сарненської районної ради","м. Сарни, вул. Ярослава Мудрого, буд.3","Рівненська","15.03.2021 0:00:00","439","15.03.2021 9:00:27","0","0","0","0","0","0","0","0","0","0","0","0","0","0","0","0","0","0","0","0","0","0","0","0","2","0","0","0","0","3","0","1","0","2","0","8","0","0","0","43","1","780","10","2605","0","1789","0","86068","200","0","0","0","0","1041","0","4725","200","85","5","63","0","0","0","0","0","0","0","6","1","1","","","","","","","","","","","","","","","","","","","","","","","","","","",""
"596655","Визначено як лікарня для госпіталізації","01999907","Костопільська центральна районна лікарня Костопільської районної ради Рівненської області","м. Костопіль, вул. Степанська, 52 А","Рівненська","15.03.2021 0:00:00","440","15.03.2021 12:26:26","0","0","0","0","0","0","0","0","0","0","0","0","0","0","0","0","0","0","0","0","0","0","0","0","1","0","2","0","0","4","2","0","0","0","0","9","0","0","0","26","0","62","4","2140","36","1119","99","75910","41","120","0","239","2","234","0","4174","186","155","5","750","1","0","0","87","0","0","0","0","1","0","","","","","","","","","","","","","","","","","","","","","","","","","","",""
"596473","Визначено як лікарня для госпіталізації","01981514","Комунальна організація (установа, заклад) Шосткинська центральна районна лікарня","вул. Щедріна, буд.1","Сумська","15.03.2021 0:00:00","441","15.03.2021 10:52:31","0","0","0","0","0","0","0","0","0","0","0","0","0","0","0","0","0","0","0","0","0","0","0","0","1","0","1","0","0","6","1","0","0","1","0","14","0","0","1","41","1","50","0","1628","20","1019","0","25950","500","0","0","0","0","341","0","3500","50","329","1","152","1","0","0","1500","0","0","0","0","1","1","","","","","","","","","","","","","","","","","","","","","","","","","","",""
"596521","Визначено як лікарня для госпіталізації","02000334","Комунальна установа Сумська міська дитяча клінічна лікарня Святої Зінаїди","вул. Троїцька, 28","Сумська","15.03.2021 0:00:00","442","15.03.2021 11:12:44","0","0","0","0","0","0","0","0","0","0","0","0","0","0","0","0","0","0","0","0","0","0","0","0","3","0","0","0","0","5","0","0","0","1","0","32","0","0","0","10","1","202","0","3155","22","3409","2","11610","125","1650","0","740","0","1124","0","17800","198","510","3","3321","17","0","0","546","17","0","0","0","1","1","","","","","","","","","","","","","","","","","","","","","","","","","","",""
"596068","Визначено як лікарня для госпіталізації","02007489","КОМУНАЛЬНЕ НЕКОМЕРЦІЙНЕ ПІДПРИЄМСТВО БІЛОПІЛЬСЬКОЇ РАЙОННОЇ РАДИ БІЛОПІЛЬСЬКА ЦЕНТРАЛЬНА РАЙОННА ЛІКАРНЯ","м. Білопілля, вул. Маяковського, буд. 27","Сумська","15.03.2021 0:00:00","443","15.03.2021 8:38:07","0","0","0","0","0","0","0","0","0","0","0","0","0","0","0","0","0","0","0","0","0","0","0","0","2","0","1","0","0","5","1","0","0","2","0","10","0","0","0","27","0","425","10","3840","20","655","5","18400","100","425","0","0","0","390","0","8190","30","338","1","96","0","0","0","527","0","0","0","0","1","1","","","","","","","","","","","","","","","","","","","","","","","","","","",""
"596477","Визначено як лікарня для госпіталізації","02007532","КОМУНАЛЬНЕ НЕКОМЕРЦІЙНЕ ПІДПРИЄМСТВО КОНОТОПСЬКОЇ МІСЬКОЇ РАДИ КОНОТОПСЬКА ЦЕНТРАЛЬНА РАЙОННА ЛІКАРНЯ ІМ. АКАДЕМІКА МИХАЙЛА ДАВИДОВА","вул. Миколи Амосова, буд. 5","Сумська","15.03.2021 0:00:00","444","15.03.2021 10:53:06","0","0","0","0","0","0","0","0","0","0","0","0","0","0","0","0","0","0","0","0","0","0","0","0","2","0","0","0","0","3","0","0","0","1","0","5","0","0","1","39","1","5800","10","2850","52","3440","28","22900","540","0","0","0","0","88","2","25500","483","355","9","0","0","0","0","2821","84","0","0","0","1","1","","","","","","","","","","","","","","","","","","","","","","","","","","",""
"596308","Визначено як лікарня для госпіталізації","01981477","КОМУНАЛЬНЕ НЕКОМЕРЦІЙНЕ ПІДПРИЄМСТВО РОМЕНСЬКА ЦЕНТРАЛЬНА РАЙОННА ЛІКАРНЯ  РОМЕНСЬКОЇ МІСЬКОЇ РАДИ","б-р Московський, буд.24","Сумська","15.03.2021 0:00:00","445","15.03.2021 9:50:22","0","0","0","0","0","0","0","0","0","0","0","0","0","0","0","0","0","0","0","0","0","0","0","0","0","0","0","0","0","5","0","0","0","0","1","10","0","0","1","45","1","2713","8","1565","14","3161","14","20020","150","775","0","200","0","305","0","12196","360","9","1","62","0","0","0","848","12","0","0","0","1","1","","","","","","","","","","","","","","","","","","","","","","","","","","",""
"596242","Визначено як лікарня для госпіталізації","01981508","КОМУНАЛЬНЕ НЕКОМЕРЦІЙНЕ ПІДПРИЄМСТВО ТРОСТЯНЕЦЬКА МІСЬКА ЛІКАРНЯ ТРОСТЯНЕЦЬКОЇ МІСЬКОЇ РАДИ","м.Тростянець, вул.Нескучанська, буд.7","Сумська","15.03.2021 0:00:00","446","15.03.2021 9:28:20","0","0","0","0","0","0","0","0","0","0","0","0","0","0","0","0","0","0","0","0","0","0","0","0","3","0","0","0","0","8","0","0","0","0","0","18","0","0","0","12","0","461","0","2309","16","910","0","8725","20","0","0","109","3","424","1","4530","20","107","3","2226","10","0","0","1040","8","0","0","0","1","1","","","","","","","","","","","","","","","","","","","","","","","","","","",""
"596140","Визначено як лікарня для госпіталізації","02007549","КОМУНАЛЬНЕ ПІДПРИЄМСТВО КРОЛЕВЕЦЬКА ЦЕНТРАЛЬНА РАЙОННА ЛІКАРНЯ КРОЛЕВЕЦЬКОЇ РАЙОННОЇ РАДИ","м. Кролевець, бульвар Шевченка, буд. 57","Сумська","15.03.2021 0:00:00","447","15.03.2021 9:01:03","0","0","0","0","0","0","0","0","0","0","0","0","0","0","0","0","0","0","0","0","0","0","0","0","8","0","0","0","3","3","0","0","0","1","0","10","0","0","0","54","1","434","0","5735","100","915","55","23300","100","560","10","151","0","601","0","11500","200","37","1","42","1","0","0","784","0","0","0","0","1","0","","","","","","","","","","","","","","","","","","","","","","","","","","",""
"596587","Визначено як лікарня для госпіталізації","36897937","Комунальний заклад Сумської обласної ради Обласний перинатальний центр","вул. Санаторна, буд.3","Сумська","15.03.2021 0:00:00","448","15.03.2021 11:45:58","0","0","0","0","0","0","0","0","0","0","0","0","0","0","0","0","0","0","0","0","0","0","0","0","4","0","0","0","0","6","0","0","0","0","0","14","0","0","0","10","1","594","5","2333","85","1037","4","16506","9","0","0","0","0","616","0","19739","224","959","1","0","0","0","0","320","2","0","0","0","1","1","","","","","","","","","","","","","","","","","","","","","","","","","","",""
"596650","Визначено як лікарня для госпіталізації","05481004","КНП Сумської обласної ради «Медичний клінічний центр інфекційних хвороб та дерматології ім. З.Й.Красовицького»","Сумська обл., м. Суми, вул. ХХ років Перемоги, 15","Сумська","15.03.2021 0:00:00","449","15.03.2021 12:20:33","0","0","0","0","0","0","0","0","0","0","0","0","0","0","0","0","0","0","0","0","0","0","0","0","7","4","0","0","4","2","0","0","0","0","0","8","0","0","1","38","1","540","7","6490","60","1357","5","12386","261","0","0","69","0","1908","6","26426","228","11","2","53","0","0","0","0","0","0","0","0","1","1","","","","","","","","","","","","","","","","","","","","","","","","","","",""
"596331","Визначено як лікарня для госпіталізації","02000435","Бережанська центральна районна комунальна лікарня","м. Бережани, вул. Степана Бандери, буд. 21","Тернопільська","15.03.2021 0:00:00","450","15.03.2021 9:57:58","0","0","0","0","0","0","0","0","0","0","0","0","0","0","0","0","0","0","0","0","0","0","0","0","2","0","0","0","0","3","0","1","0","0","0","5","0","0","0","42","0","3150","5","10750","16","1070","3","20800","165","600","56","85","0","53","8","9600","100","136","4","2538","6","0","0","2340","28","0","0","0","1","1","","","","","","","","","","","","","","","","","","","","","","","","","","",""
"596351","Визначено як лікарня для госпіталізації","02000493","Борщівська центральна районна комунальна лікарня Тернопільської області","м. Борщів, вул. Степана Бандери, 108","Тернопільська","15.03.2021 0:00:00","451","15.03.2021 10:07:17","0","0","0","0","0","0","0","0","0","0","0","0","0","0","0","0","0","0","0","0","0","0","0","0","1","0","0","0","0","4","0","2","0","2","0","8","0","0","0","11","0","2708","52","6225","38","2932","9","1896","200","773","0","0","0","301","0","7886","244","693","0","2013","4","0","0","1265","4","0","0","0","1","1","","","","","","","","","","","","","","","","","","","","","","","","","","",""
"596456","Визначено як лікарня для госпіталізації","02000547","Бучацька центральна комунальна районна лікарня","м.Бучач, вул. Генерала Шухевича, 48","Тернопільська","15.03.2021 0:00:00","452","15.03.2021 10:47:40","0","0","0","0","0","0","0","0","0","0","0","0","0","0","0","0","0","0","0","0","0","0","0","0","1","0","0","0","0","2","0","0","0","1","0","7","0","0","1","25","1","636","54","120","70","349","0","14700","100","12650","100","0","0","43","0","13650","200","8","0","93","4","0","0","1227","4","0","0","0","1","1","","","","","","","","","","","","","","","","","","","","","","","","","","",""
"595933","Визначено як лікарня для госпіталізації","02000582","Гусятинська центральна комунальна районна лікарня","смт Гусятин, вул. Лепкого, буд.1","Тернопільська","15.03.2021 0:00:00","453","15.03.2021 0:33:32","0","0","0","0","0","0","0","0","0","0","0","0","0","0","0","0","0","0","0","0","0","0","0","0","4","0","0","0","0","1","0","0","0","0","1","2","0","0","0","29","0","50","0","0","0","350","0","15000","0","0","0","0","0","15","0","500","0","60","0","1965","4","0","0","481","0","0","0","0","1","1","","","","","","","","","","","","","","","","","","","","","","","","","","",""
"596496","Визначено як лікарня для госпіталізації","02000659","Заліщицька центральна комунальна районна лікарня","м. Заліщики, вул. Ст. Бандери, 86","Тернопільська","15.03.2021 0:00:00","454","15.03.2021 10:59:40","0","0","0","0","0","0","0","0","0","0","0","0","0","0","0","0","0","0","0","0","0","0","0","0","1","0","1","0","0","10","1","1","0","2","0","6","0","0","1","14","0","4935","0","11150","0","1568","0","26450","0","0","0","0","0","265","0","28550","0","432","0","1795","0","0","0","6400","0","0","0","2","1","1","","","","","","","","","","","","","","","","","","","","","","","","","","",""
"596121","Визначено як лікарня для госпіталізації","02000792","КНП ""Козівська центральна районна лікарня Козівської районної ради""","47600, Тернопільська область, Козівський район, вул.Зелена, буд.19, смт.Козова","Тернопільська","15.03.2021 0:00:00","455","15.03.2021 8:56:04","0","0","0","0","0","0","0","0","0","0","0","0","0","0","0","0","0","0","0","0","0","0","0","0","0","0","0","0","0","5","0","1","0","1","0","5","0","0","0","32","0","1854","10","320","10","6260","10","8200","20","41","0","0","0","50","0","500","50","12","2","1","0","0","0","1496","0","0","0","1","1","1","","","","","","","","","","","","","","","","","","","","","","","","","","",""
"596543","Визначено як лікарня для госпіталізації","36338715","Комунальна установа Монастириської районної ради Монастириське районне територіальне медичне об'єднання","м.Монастириська, вул.Шевченка, буд.29","Тернопільська","15.03.2021 0:00:00","456","15.03.2021 11:21:31","0","0","0","0","0","0","0","0","0","0","0","0","0","0","0","0","0","0","0","0","0","0","0","0","0","0","2","0","0","6","2","0","0","1","2","8","0","0","0","39","0","970","0","1916","0","6519","0","5050","0","16","0","0","0","222","0","1700","0","104","0","1950","0","0","0","0","0","0","0","1","1","1","","","","","","","","","","","","","","","","","","","","","","","","","","",""
"596263","Визначено як лікарня для госпіталізації","14030985","Комунальна установа Тернопільської обласної ради Тернопільський обласний медичний центр соціально небезпечних захворювань","вул. Тролейбусна, 14","Тернопільська","15.03.2021 0:00:00","457","15.03.2021 9:33:48","0","0","0","0","0","0","0","0","0","0","0","0","0","0","0","0","0","0","0","0","0","0","0","0","0","0","0","0","0","1","0","0","0","0","0","1","0","0","0","1","0","4","0","330","0","1095","5","6100","100","0","0","0","0","18","0","18800","50","47","1","182","3","0","0","1064","2","0","0","1","0","0","","","","","","","","","","","","","","","","","","","","","","","","","","",""
"596295","Визначено як лікарня для госпіталізації","02001328","Комунальна установа Тернопільської обласної ради Тернопільській обласний  протитуберкульозний диспансер","с.Великі Гаї, вул. Підлісна, 26 А","Тернопільська","15.03.2021 0:00:00","458","15.03.2021 9:46:46","0","0","0","0","0","0","0","0","0","0","0","0","0","0","0","0","0","0","0","0","0","0","0","0","0","0","0","0","0","5","0","0","0","0","0","11","0","0","0","71","0","40","0","8740","45","5655","35","11480","60","0","0","0","0","570","30","19900","100","820","5","0","0","0","0","4370","0","0","0","0","0","1","","","","","","","","","","","","","","","","","","","","","","","","","","",""
"596246","Визначено як лікарня для госпіталізації","04528442","КОМУНАЛЬНЕ НЕКОМЕРЦІЙНЕ ПІДПРИЄМСТВО ТЕРНОПІЛЬСЬКА МІСЬКА ДИТЯЧА КОМУНАЛЬНА ЛІКАРНЯ","вул. Клінічна, буд. 1-А","Тернопільська","15.03.2021 0:00:00","459","15.03.2021 9:29:50","0","0","0","0","0","0","0","0","0","0","0","0","0","0","0","0","0","0","0","0","0","0","0","0","4","0","0","0","0","3","0","1","0","1","0","12","0","0","0","7","0","420","20","2580","30","2680","30","70300","300","0","0","0","0","1580","20","1400","400","45","10","2870","10","0","0","1635","20","0","0","0","1","1","","","","","","","","","","","","","","","","","","","","","","","","","","",""
"596223","Визначено як лікарня для госпіталізації","02001297","КОМУНАЛЬНЕ НЕКОМЕРЦІЙНЕ ПІДПРИЄМСТВО ТЕРНОПІЛЬСЬКА МІСЬКА КОМУНАЛЬНА ЛІКАРНЯ ШВИДКОЇ ДОПОМОГИ","вул. Шпитальна, буд. 2","Тернопільська","15.03.2021 0:00:00","460","15.03.2021 9:24:24","0","0","0","0","0","0","0","0","0","0","0","0","0","0","0","0","0","0","0","0","0","0","0","0","1","0","2","0","0","12","2","0","0","2","3","20","0","0","0","71","1","1420","80","2520","80","970","30","65000","900","0","0","0","0","100","0","24000","1000","60","15","500","0","0","0","1525","0","0","0","2","1","1","","","","","","","","","","","","","","","","","","","","","","","","","","",""
"596437","Визначено як лікарня для госпіталізації","02001185","КОМУНАЛЬНЕ НЕКОМЕРЦІЙНЕ ПІДПРИЄМТВО ЧОРТКІВСЬКА ЦЕНТРАЛЬНА КОМУНАЛЬНА РАЙОННА ЛІКАРНЯ ЧОРТКІВСЬКОЇ РАЙОННОЇ РАДИ","м.Чортків, вул. Дмитра Пігута, буд. 31 Б","Тернопільська","15.03.2021 0:00:00","461","15.03.2021 10:40:50","0","0","0","0","0","0","0","0","0","0","0","0","0","0","0","0","0","0","0","0","0","0","0","0","6","6","0","0","6","6","0","1","0","0","4","8","0","0","0","47","1","560","30","7000","100","2030","100","32500","500","500","10","228","0","530","50","9000","1000","1970","20","20454","9","0","0","730","62","0","0","0","1","1","","","","","","","","","","","","","","","","","","","","","","","","","","",""
"596627","Визначено як лікарня для госпіталізації","02001311","Комунальний заклад Тернопільської обласної ради Тернопільська університетська лікарня","вул. Клінічна, 1","Тернопільська","15.03.2021 0:00:00","462","15.03.2021 12:05:36","0","0","0","0","0","0","0","0","0","0","0","0","0","0","0","0","0","0","0","0","0","0","0","0","5","0","0","0","0","18","0","0","0","2","2","33","0","0","1","45","1","605","0","5400","0","780","0","1668","0","0","0","0","0","76","0","16100","0","110","0","40","5","10","0","9600","0","0","0","0","1","1","","","","","","","","","","","","","","","","","","","","","","","","","","",""
"596272","Визначено як лікарня для госпіталізації","35492401","Комунальний заклад Тернопільської обласної ради Тернопільський обласний клінічний перинатальний центр МАТИ І ДИТИНА","вул. Замкова, буд. 10","Тернопільська","15.03.2021 0:00:00","463","15.03.2021 9:37:47","0","0","0","0","0","0","0","0","0","0","0","0","0","0","0","0","0","0","0","0","0","0","0","0","5","0","0","0","0","1","0","1","0","0","4","8","0","0","0","13","1","206","0","1230","50","206","49","57345","450","46","0","40","0","35","0","3300","950","148","0","856","6","0","0","158","4","0","0","0","1","1","","","","","","","","","","","","","","","","","","","","","","","","","","",""
"596368","Визначено як лікарня для госпіталізації","02000903","Лановецька комунальна центральна районна лікарня","м.Ланівці, вул. Шевченка, буд.30","Тернопільська","15.03.2021 0:00:00","464","15.03.2021 10:13:38","0","0","0","0","0","0","0","0","0","0","0","0","0","0","0","0","0","0","0","0","0","0","0","0","3","0","0","0","0","3","0","0","0","0","1","2","0","0","0","24","1","2000","8","2907","8","1398","6","11870","70","0","0","193","3","107","0","2000","80","32","1","1620","6","0","0","152","0","0","0","0","1","1","","","","","","","","","","","","","","","","","","","","","","","","","","",""
"596349","Визначено як лікарня для госпіталізації","02000984","Підволочиська комунальна центральна районна лікарня Тернопільської області","с.Підволочиськ, вул. Патріарха Мстислава, 102","Тернопільська","15.03.2021 0:00:00","465","15.03.2021 10:07:03","0","0","0","0","0","0","0","0","0","0","0","0","0","0","0","0","0","0","0","0","0","0","0","0","0","0","0","0","0","5","0","0","0","0","2","5","0","0","0","18","1","700","15","350","15","1550","15","3300","80","20","0","0","0","38","2","1000","60","37","2","1949","0","0","0","402","0","0","0","0","1","0","","","","","","","","","","","","","","","","","","","","","","","","","","",""
"596470","Визначено як лікарня для госпіталізації","02000866","Почаївська районна комунальна лікарня","м. Почаїв, вул.Возз'єднання, 19","Тернопільська","15.03.2021 0:00:00","466","15.03.2021 10:51:40","0","0","0","0","0","0","0","0","0","0","0","0","0","0","0","0","0","0","0","0","0","0","0","0","0","0","0","0","0","5","0","0","0","0","0","9","0","0","0","14","1","623","40","153","45","4883","100","12905","40","10","0","1052","10","0","0","10501","150","129","4","240","0","0","0","1742","24","0","0","0","1","1","","","","","","","","","","","","","","","","","","","","","","","","","","",""
"596551","Визначено як лікарня для госпіталізації","02000961","КНП ,,Скалатська комунальна районна лікарня”Скалатської міської ради","47851, Тернопільська область, Підволочиський район, м. Скалат,                          вул. Л.Курбаса, буд. 36","Тернопільська","15.03.2021 0:00:00","467","15.03.2021 11:26:20","0","0","0","0","0","0","0","0","0","0","0","0","0","0","0","0","0","0","0","0","0","0","0","0","0","0","0","0","0","4","0","0","0","0","0","2","0","0","0","16","0","1480","25","825","10","1394","20","1970","250","0","0","3","0","106","10","2290","250","23","3","8","3","0","0","253","20","0","0","0","0","1","","","","","","","","","","","","","","","","","","","","","","","","","","",""
"596387","Визначено як лікарня для госпіталізації","02003899","Комунальна установа охорони здоров'я Богодухівська центральна районна лікарня","м. Богодухів, вул. Чернієнко, 13","Харківська","15.03.2021 0:00:00","468","15.03.2021 10:20:02","0","0","0","0","0","0","0","0","0","0","0","0","0","0","0","0","0","0","0","0","0","0","0","0","7","0","0","0","0","3","0","1","0","1","0","8","0","0","0","51","0","430","0","2800","0","1306","0","19776","0","2079","0","0","0","392","0","22628","0","62","0","818","1","0","0","85","4","0","0","0","1","1","","","","","","","","","","","","","","","","","","","","","","","","","","",""
"595982","Визначено як лікарня для госпіталізації","02003793","КОМУНАЛЬНЕ НЕКОМЕРЦІЙНЕ ПІДПРИЄМСТВО БАЛАКЛІЙСЬКОЇ РАЙОННОЇ РАДИ ХАРКІВСЬКОЇ ОБЛАСТІ БАЛАКЛІЙСЬКА ЦЕНТРАЛЬНА КЛІНІЧНА РАЙОННА ЛІКАРНЯ","м. Балаклія, вул. Партизанська, 25","Харківська","15.03.2021 0:00:00","469","15.03.2021 8:05:43","0","0","0","0","0","0","0","0","0","0","0","0","0","0","0","0","0","0","0","0","0","0","0","0","4","0","0","0","0","4","0","1","0","1","0","15","0","0","0","59","1","10175","5","1890","20","925","5","20580","200","0","0","0","0","298","1","39950","200","348","3","698","3","0","0","320","0","0","0","1","1","1","","","","","","","","","","","","","","","","","","","","","","","","","","",""
"596253","Визначено як лікарня для госпіталізації","02002990","КОМУНАЛЬНЕ НЕКОМЕРЦІЙНЕ ПІДПРИЄМСТВО ВОВЧАНСЬКА ЦЕНТРАЛЬНА РАЙОННА ЛІКАРНЯ ВОВЧАНСЬКОЇ РАЙОННОЇ РАДИ ХАРКІВСЬКОЇ ОБЛАСТІ","м.Вовчанськ, вул. 1 Травня, буд. 1-А","Харківська","15.03.2021 0:00:00","470","15.03.2021 9:31:52","0","0","0","0","0","0","0","0","0","0","0","0","0","0","0","0","0","0","0","0","0","0","0","0","2","0","0","0","0","4","0","0","0","0","0","9","0","0","0","24","1","410","0","2730","0","1375","0","6200","0","630","0","50","0","202","0","4200","0","250","0","742","3","0","0","39","2","0","0","2","1","1","","","","","","","","","","","","","","","","","","","","","","","","","","",""
"596593","Визначено як лікарня для госпіталізації","02003178","КОМУНАЛЬНЕ НЕКОМЕРЦІЙНЕ ПІДПРИЄМСТВО ЗМІЇВСЬКА ЦЕНТРАЛЬНА РАЙОННА ЛІКАРНЯ ЗМІЇВСЬКОЇ РАЙОННОЇ РАДИ ХАРКІВСЬКОЇ ОБЛАСТІ","м. Зміїв, вул. Таранівське шосе, 1 Б","Харківська","15.03.2021 0:00:00","471","15.03.2021 11:49:08","0","0","0","0","0","0","0","0","0","0","0","0","0","0","0","0","0","0","0","0","0","0","0","0","0","0","2","0","0","7","2","0","0","2","4","8","0","0","0","117","0","3497","37","7815","18","1546","19","14050","0","845","0","0","0","1283","0","28400","0","427","28","606","3","0","0","357","12","0","0","0","1","1","","","","","","","","","","","","","","","","","","","","","","","","","","",""
"595991","Визначено як лікарня для госпіталізації","02002701","КОМУНАЛЬНЕ НЕКОМЕРЦІЙНЕ ПІДПРИЄМСТВО КРАСНОГРАДСЬКА ЦЕНТРАЛЬНА РАЙОННА ЛІКАРНЯ","м.Красноград, вул. Шиндлера, буд. 87","Харківська","15.03.2021 0:00:00","472","15.03.2021 8:11:29","0","0","0","0","0","0","0","0","0","0","0","0","0","0","0","0","0","0","0","0","0","0","0","0","0","0","0","0","0","8","0","1","0","0","0","10","0","0","0","80","1","290","0","767","0","8000","0","6000","0","0","0","85","0","30","0","2500","0","240","0","747","2","0","0","384","0","0","0","0","1","1","","","","","","","","","","","","","","","","","","","","","","","","","","",""
"596113","Визначено як лікарня для госпіталізації","42582687","КОМУНАЛЬНЕ НЕКОМЕРЦІЙНЕ ПІДПРИЄМСТВО КУП'ЯНСЬКЕ ТЕРИТОРІАЛЬНЕ МЕДИЧНЕ ОБ'ЄДНАННЯ КУП'ЯНСЬКОЇ МІСЬКОЇ РАДИ ХАРКІВСЬКОЇ ОБЛАСТІ","вул. Лікарняна, буд. 2","Харківська","15.03.2021 0:00:00","473","15.03.2021 8:53:57","0","0","0","0","0","0","0","0","0","0","0","0","0","0","0","0","0","0","0","0","0","0","0","0","0","0","5","0","0","19","5","0","0","0","3","10","0","0","0","104","0","310","0","1400","0","1915","0","1110","0","0","0","0","0","776","0","6000","0","30","0","4900","38","0","0","372","12","0","0","0","1","1","","","","","","","","","","","","","","","","","","","","","","","","","","",""
"596162","Визначено як лікарня для госпіталізації","02003787","КОМУНАЛЬНЕ НЕКОМЕРЦІЙНЕ ПІДПРИЄМСТВО МІСЬКА КЛІНІЧНА БАГАТОПРОФІЛЬНА ЛІКАРНЯ № 17 ХАРКІВСЬКОЇ МІСЬКОЇ РАДИ","просп. Московський , буд. 195","Харківська","15.03.2021 0:00:00","474","15.03.2021 9:07:42","0","0","0","0","0","0","0","0","0","0","0","0","0","0","0","0","0","0","0","0","0","0","0","0","11","11","9","0","11","12","9","0","0","0","0","10","0","0","0","202","0","3070","50","4340","40","3020","40","234020","1000","400","0","0","0","864","0","9950","100","1070","0","2720","20","0","0","0","0","0","0","0","1","1","","","","","","","","","","","","","","","","","","","","","","","","","","",""
"596708","Визначено як лікарня для госпіталізації","02003770","КОМУНАЛЬНЕ НЕКОМЕРЦІЙНЕ ПІДПРИЄМСТВО МІСЬКА КЛІНІЧНА ЛІКАРНЯ №13 ХАРКІВСЬКОЇ МІСЬКОЇ РАДИ","проспект Гагаріна, буд. 137","Харківська","15.03.2021 0:00:00","475","15.03.2021 15:52:31","0","0","0","0","0","0","0","0","0","0","0","0","0","0","0","0","0","0","0","0","0","0","0","0","9","9","0","0","9","2","0","0","0","0","0","12","0","0","0","241","0","149","106","0","0","1625","558","141000","1030","800","0","0","0","1050","0","17400","768","206","15","0","0","0","0","499","0","0","0","2","1","1","","","","","","","","","","","","","","","","","","","","","","","","","","",""
"596324","Визначено як лікарня для госпіталізації","02001759","КОМУНАЛЬНЕ НЕКОМЕРЦІЙНЕ ПІДПРИЄМСТВО МІСЬКИЙ КЛІНІЧНИЙ ПОЛОГОВИЙ БУДИНОК № 2 ІМЕНІ М.Х. ГЕЛЬФЕРІХА ХАРКІВСЬКОЇ МІСЬКОЇ РАДИ","вул. Чигирина Юлія, буд. 7","Харківська","15.03.2021 0:00:00","476","15.03.2021 9:55:17","0","0","0","0","0","0","0","0","0","0","0","0","0","0","0","0","0","0","0","0","0","0","0","0","6","2","0","0","3","0","0","3","0","2","0","8","0","0","0","59","0","590","5","763","3","253","3","1632","38","1650","0","0","0","210","0","11450","50","45","1","0","3","0","0","101","3","0","0","0","1","0","","","","","","","","","","","","","","","","","","","","","","","","","","",""
"596173","Визначено як лікарня для госпіталізації","02002730","КОМУНАЛЬНЕ НЕКОМЕРЦІЙНЕ ПІДПРИЄМСТВО ПЕРВОМАЙСЬКА ЦЕНТРАЛЬНА РАЙОННА ЛІКАРНЯ","вул. Світанкова, буд. 3","Харківська","15.03.2021 0:00:00","477","15.03.2021 9:10:41","0","0","0","0","0","0","0","0","0","0","0","0","0","0","0","0","0","0","0","0","0","0","0","0","1","0","0","0","0","1","0","1","0","0","2","7","0","0","0","59","0","2000","0","7100","0","1400","0","13000","0","0","0","0","0","258","0","8000","0","390","0","1300","0","0","0","370","23","0","0","0","1","1","","","","","","","","","","","","","","","","","","","","","","","","","","",""
"596694","Визначено як лікарня для госпіталізації","02003534","КОМУНАЛЬНЕ НЕКОМЕРЦІЙНЕ ПІДПРИЄМСТВО ХАРКІВСЬКОЇ ОБЛАСНОЇ РАДИ ОБЛАСНА ДИТЯЧА ІНФЕКЦІЙНА КЛІНІЧНА ЛІКАРНЯ","просп. Героїв Сталінграда, буд. 160","Харківська","15.03.2021 0:00:00","478","15.03.2021 13:04:08","0","0","0","0","0","0","0","0","0","0","0","0","0","0","0","0","0","0","0","0","0","0","0","0","1","1","0","0","1","7","0","7","0","0","2","16","0","0","0","90","1","3513","13","5300","50","2743","15","14075","175","0","0","0","0","725","0","20200","200","3590","5","1002","2","1842","11","2060","18","0","0","0","1","1","","","","","","","","","","","","","","","","","","","","","","","","","","",""
"596434","Визначено як лікарня для госпіталізації","02003600","КОМУНАЛЬНЕ НЕКОМЕРЦІЙНЕ ПІДПРИЄМСТВО ХАРКІВСЬКОЇ ОБЛАСНОЇ РАДИ ОБЛАСНА ДИТЯЧА КЛІНІЧНА ЛІКАРНЯ","вул. Озерянська, буд. 5","Харківська","15.03.2021 0:00:00","479","15.03.2021 10:38:59","0","0","0","0","0","0","0","0","0","0","0","0","0","0","0","0","0","0","0","0","0","0","0","0","0","0","0","0","0","0","0","9","0","0","0","11","0","0","1","109","1","347","10","3169","0","571","0","5950","0","700","0","0","0","196","0","2000","100","712","1","337","2","0","0","0","0","0","0","2","1","1","","","","","","","","","","","","","","","","","","","","","","","","","","",""
"596586","Визначено як лікарня для госпіталізації","02003652","КОМУНАЛЬНЕ НЕКОМЕРЦІЙНЕ ПІДПРИЄМСТВО ХАРКІВСЬКОЇ ОБЛАСНОЇ РАДИ ОБЛАСНА КЛІНІЧНА ІНФЕКЦІЙНА ЛІКАРНЯ","просп. Героїв Сталінграда, буд. 160","Харківська","15.03.2021 0:00:00","480","15.03.2021 11:45:49","0","0","0","0","0","0","0","0","0","0","0","0","0","0","0","0","0","0","0","0","0","0","0","0","3","3","20","0","3","30","20","0","0","6","4","0","0","0","0","123","1","4086","36","19567","75","16278","18","154630","224","11800","0","0","0","2148","0","86000","636","409","10","0","0","2098","415","0","46","0","0","1","1","1","","","","","","","","","","","","","","","","","","","","","","","","","","",""
"596606","Визначено як лікарня для госпіталізації","02003570","КОМУНАЛЬНЕ НЕКОМЕРЦІЙНЕ ПІДПРИЄМСТВО ХАРКІВСЬКОЇ ОБЛАСНОЇ РАДИ ОБЛАСНИЙ КЛІНІЧНИЙ СПЕЦІАЛІЗОВАНИЙ ДИСПАНСЕР РАДІАЦІЙНОГО ЗАХИСТУ НАСЕЛЕННЯ","вул. Новгородська, буд. 85","Харківська","15.03.2021 0:00:00","481","15.03.2021 11:54:37","0","0","0","0","0","0","0","0","0","0","0","0","0","0","0","0","0","0","0","0","0","0","0","0","0","0","10","0","0","17","10","0","0","0","4","19","0","0","0","53","0","2083","13","4222","30","1740","0","22813","95","0","0","20","0","503","0","33556","285","795","3","1892","0","0","0","1310","0","0","0","0","1","1","","","","","","","","","","","","","","","","","","","","","","","","","","",""
"596136","Визначено як лікарня для госпіталізації","02002380","КОМУНАЛЬНЕ НЕКОМЕРЦІЙНЕ ПІДПРИЄМСТВО ЧУГУЇВСЬКА ЦЕНТРАЛЬНА РАЙОННА ЛІКАРНЯ ІМ. М.І. КОНОНЕНКА ЧУГУЇВСЬКОЇ РАЙОННОЇ РАДИ ХАРКІВСЬКОЇ ОБЛАСТІ","вул. Гвардійська, 52","Харківська","15.03.2021 0:00:00","482","15.03.2021 8:59:52","0","0","0","0","0","0","0","0","0","0","0","0","0","0","0","0","0","0","0","0","0","0","0","0","2","1","0","0","0","4","0","0","0","0","1","0","0","0","0","6","0","6436","58","2519","20","716","2","84357","288","4306","12","0","0","1284","0","3138","96","179","3","704","4","0","0","317","18","0","0","0","1","1","","","","","","","","","","","","","","","","","","","","","","","","","","",""
"596377","Визначено як лікарня для госпіталізації","02002859","Комунальний заклад охорони здоров'я Валківська центральна районна лікарня","м. Валки, пров. Майський, 34","Харківська","15.03.2021 0:00:00","483","15.03.2021 10:16:05","0","0","0","0","0","0","0","0","0","0","0","0","0","0","0","0","0","0","0","0","0","0","0","0","0","0","6","0","0","7","6","1","0","0","7","8","0","0","0","77","1","1550","0","1556","0","380","0","2990","0","150","0","10","0","88","0","9760","0","0","0","1405","7","0","0","190","0","0","0","0","1","1","","","","","","","","","","","","","","","","","","","","","","","","","","",""
"596518","Визначено як лікарня для госпіталізації","40199749","КНП Лозівське територіальне медичне обєднання Лозівської міської ради Харківської області","Харківська область, Лозівський район, село Катеринівка, вулиця Живописна, 42","Харківська","15.03.2021 0:00:00","484","15.03.2021 11:11:23","0","0","0","0","0","0","0","0","0","0","0","0","0","0","0","0","0","0","0","0","0","0","0","0","4","0","0","0","0","2","0","0","0","0","1","7","0","0","0","109","1","1367","0","388","0","715","70","2750","400","40","0","0","0","491","0","2050","700","1108","0","26","0","0","0","181","15","0","0","0","1","1","","","","","","","","","","","","","","","","","","","","","","","","","","",""
"596500","Визначено як лікарня для госпіталізації","02003971","Генічеська центральна районна лікарня","м.Генічеськ, проспект Миру, 130","Херсонська","15.03.2021 0:00:00","485","15.03.2021 11:00:17","0","0","0","0","0","0","0","0","0","0","0","0","0","0","0","0","0","0","0","0","0","0","0","0","7","0","0","0","0","8","0","1","0","0","0","11","0","0","0","53","1","2200","0","2250","0","1800","0","6000","0","3900","0","100","0","250","0","29000","0","280","0","289","0","0","0","890","0","0","0","0","1","1","","","","","","","","","","","","","","","","","","","","","","","","","","",""
"596553","Визначено як лікарня для госпіталізації","02004025","Каховська центральна районна лікарня","вул. Карла Маркса, 73","Херсонська","15.03.2021 0:00:00","486","15.03.2021 11:26:26","0","0","0","0","0","0","0","0","0","0","0","0","0","0","0","0","0","0","0","0","0","0","0","0","0","0","0","0","0","13","0","1","0","0","0","10","2","0","0","26","1","2691","72","8298","144","6435","56","16476","16","4885","72","1386","72","1358","40","17190","192","260","20","191","4","0","0","441","7","0","0","0","1","1","","","","","","","","","","","","","","","","","","","","","","","","","","",""
"596580","Визначено як лікарня для госпіталізації","02003913","Комунальне некомерційне підприємство ""'Бериславська центральна районна лікарня"" Бериславської районної ради","74300, Херсонська область, м. Берислав, вул. 1 Травня, 124","Херсонська","15.03.2021 0:00:00","487","15.03.2021 11:42:48","0","0","0","0","0","0","0","0","0","0","0","0","0","0","0","0","0","0","0","0","0","0","0","0","0","0","0","0","0","10","0","1","0","1","0","8","0","0","0","20","1","0","0","1654","0","1595","16","9060","0","55","0","0","0","920","0","4875","0","71","0","187","2","0","0","5498","0","0","0","0","1","1","","","","","","","","","","","","","","","","","","","","","","","","","","",""
"596303","Визначено як лікарня для госпіталізації","02004120","КОМУНАЛЬНЕ НЕКОМЕРЦІЙНЕ ПІДПРИЄМСТВО ХЕРСОНСЬКА МІСЬКА КЛІНІЧНА ЛІКАРНЯ ІМЕНІ АФАНАСІЯ І ОЛЬГИ ТРОПІНИХ ХЕРСОНСЬКОЇ МІСЬКОЇ РАДИ","вул. Комарова, буд. 2","Херсонська","15.03.2021 0:00:00","488","15.03.2021 9:48:57","0","0","0","0","0","0","0","0","0","0","0","0","0","0","0","0","0","0","0","0","0","0","0","0","1","0","6","0","0","16","6","0","0","1","0","14","0","0","0","62","1","33100","0","10100","0","11850","0","231900","0","16100","0","3800","0","3100","0","33500","0","490","0","445","18","0","0","50","0","0","0","0","1","1","","","","","","","","","","","","","","","","","","","","","","","","","","",""
"596611","Визначено як лікарня для госпіталізації","05396876","КОМУНАЛЬНЕ НЕКОМЕРЦІЙНЕ ПІДПРИЄМСТВО ХЕРСОНСЬКА МІСЬКА КЛІНІЧНА ЛІКАРНЯ ІМЕНІ О.С.ЛУЧАНСЬКОГО ХЕРСОНСЬКОЇ МІСЬКОЇ РАДИ","вул. Кримська, буд. 138","Херсонська","15.03.2021 0:00:00","489","15.03.2021 12:01:27","0","0","0","0","0","0","0","0","0","0","0","0","0","0","0","0","0","0","0","0","0","0","0","0","16","0","0","0","1","6","0","2","0","2","0","27","0","0","0","38","1","13757","37","691","31","11","0","158656","130","24626","0","0","0","2456","8","57377","177","1080","1","384","27","458","39","0","0","0","0","0","1","1","","","","","","","","","","","","","","","","","","","","","","","","","","",""
"596475","Визначено як лікарня для госпіталізації","02004108","КОМУНАЛЬНЕ НЕКОМЕРЦІЙНЕ ПІДПРИЄМСТВО ЦЕНТРАЛЬНА МІСЬКА ЛІКАРНЯ МІСТА НОВА КАХОВКА НОВОКАХОВСЬКОЇ МІСЬКОЇ РАДИ","вул. Героїв України, буд. 33-А","Херсонська","15.03.2021 0:00:00","490","15.03.2021 10:52:34","0","0","0","0","0","0","0","0","0","0","0","0","0","0","0","0","0","0","0","0","0","0","0","0","0","0","0","0","0","9","0","1","0","1","0","4","0","0","0","43","1","2280","30","1550","54","2700","28","4580","120","0","26","0","30","1080","26","6000","88","336","2","324","4","0","0","886","22","0","0","0","1","1","","","","","","","","","","","","","","","","","","","","","","","","","","",""
"596398","Визначено як лікарня для госпіталізації","02003988","Комунальне підприємство Голопристанська центральна районна лікарня","м.Гола Пристань, вул.Леніна, 7","Херсонська","15.03.2021 0:00:00","491","15.03.2021 10:24:19","0","0","0","0","0","0","0","0","0","0","0","0","0","0","0","0","0","0","0","0","0","0","0","0","0","0","0","0","0","8","0","0","0","0","0","4","0","0","0","49","1","936","0","4960","0","1900","0","7185","0","950","0","203","0","473","0","4507","0","100","0","200","0","1324","0","0","0","0","0","0","1","0","","","","","","","","","","","","","","","","","","","","","","","","","","",""
"596529","Визначено як лікарня для госпіталізації","02004083","КОМУНАЛЬНЕ ПІДПРИЄМСТВО ОЛЕШКІВСЬКА ЦЕНТРАЛЬНА РАЙОННА ЛІКАРНЯ ОЛЕШКІВСЬКОЇ РАЙОННОЇ РАДИ ХЕРСОНСЬКОЇ ОБЛАСТІ","м. Олешки, вул. Софіївська, буд. 85","Херсонська","15.03.2021 0:00:00","492","15.03.2021 11:15:59","0","0","0","0","0","0","0","0","0","0","0","0","0","0","0","0","0","0","0","0","0","0","0","0","0","0","0","0","0","7","0","1","0","0","0","4","0","0","0","77","1","0","0","260","10","620","10","7150","50","1300","0","250","0","500","0","1600","50","10","0","16","11","0","0","247","2","0","0","0","1","1","","","","","","","","","","","","","","","","","","","","","","","","","","",""
"596391","Визначено як лікарня для госпіталізації","02004060","Комунальний заклад Скадовська центральна районна лікарня","м.Скадовськ, вул. Шмідта, буд. 24","Херсонська","15.03.2021 0:00:00","493","15.03.2021 10:23:05","0","0","0","0","0","0","0","0","0","0","0","0","0","0","0","0","0","0","0","0","0","0","0","0","1","0","0","0","0","2","0","1","0","1","0","9","0","0","0","63","1","816","20","1126","20","1237","20","14953","100","780","0","167","0","431","0","55300","500","31","3","196","6","0","0","1347","0","0","0","0","1","1","","","","","","","","","","","","","","","","","","","","","","","","","","",""
"596454","Визначено як лікарня для госпіталізації","26083704","Комунальний заклад Херсонська обласна інфекційна лікарня ім. Г.І.Горбачевського Херсонської обласної ради","вул. Бегми, 1А","Херсонська","15.03.2021 0:00:00","494","15.03.2021 10:47:24","0","0","0","0","0","0","0","0","0","0","0","0","0","0","0","0","0","0","0","0","0","0","0","0","2","0","0","0","0","24","0","0","0","0","0","10","0","0","0","76","1","3442","11","7210","105","5279","83","82193","153","2009","0","0","0","1401","1","12975","415","147","3","249","0","83","0","8670","10","0","0","0","1","1","","","","","","","","","","","","","","","","","","","","","","","","","","",""
"596168","Визначено як лікарня для госпіталізації","02004255","Комунальна установа Дунаєвецької районної ради Дунаєвецька центральна районна лікарня","м. Дунаївці, вул. Горького, 7","Хмельницька","15.03.2021 0:00:00","495","15.03.2021 9:09:08","0","0","0","0","0","0","0","0","0","0","0","0","0","0","0","0","0","0","0","0","0","0","0","0","0","0","0","0","0","6","0","1","0","1","0","5","0","0","1","24","0","510","10","540","5","6480","20","6210","10","0","0","0","0","250","0","5310","10","281","2","810","0","0","0","300","2","0","0","0","1","1","","","","","","","","","","","","","","","","","","","","","","","","","","",""
"596591","Визначено як лікарня для госпіталізації","02004410","КОМУНАЛЬНЕ ПІДПРИЄМСТВО СЛАВУТСЬКА ЦЕНТРАЛЬНА РАЙОННА ЛІКАРНЯ ІМ. Ф. М. МИХАЙЛОВА СЛАВУТСЬКОЇ РАЙОННОЇ РАДИ ХМЕЛЬНИЦЬКОЇ ОБЛАСТІ","вул. Ярослава Мудрого, буд. 29 г","Хмельницька","15.03.2021 0:00:00","496","15.03.2021 11:48:07","0","0","0","0","0","0","0","0","0","0","0","0","0","0","0","0","0","0","0","0","0","0","0","0","0","0","3","0","0","8","3","0","0","1","1","24","0","0","0","30","1","2688","66","2950","100","2559","37","13050","300","329","0","0","0","867","0","11300","300","32","2","1434","35","0","0","168","1","0","0","0","1","1","","","","","","","","","","","","","","","","","","","","","","","","","","",""
"596380","Визначено як лікарня для госпіталізації","02004752","Хмельницька міська інфекційна лікарня","вул. Григорія Сковороди, 17","Хмельницька","15.03.2021 0:00:00","497","15.03.2021 10:16:09","0","0","0","0","0","0","0","0","0","0","0","0","0","0","0","0","0","0","0","0","0","0","0","0","0","4","0","4","4","4","0","10","4","2","0","18","0","0","0","63","0","1090","3","665","21","5562","16","79405","667","0","0","765","2","866","2","16875","510","493","4","0","0","0","0","0","0","0","0","0","1","1","","","","","","","","","","","","","","","","","","","","","","","","","","",""
"595972","Визначено як лікарня для госпіталізації","02005303","Золотоніська центральна районна лікарня","вул. Лікарняна, буд.2","Черкаська","15.03.2021 0:00:00","498","15.03.2021 7:58:17","0","0","0","0","0","0","0","0","0","0","0","0","0","0","0","0","0","0","0","0","0","0","0","0","0","0","0","0","0","10","0","0","0","0","0","7","0","0","0","129","0","2914","30","610","35","848","300","5190","400","150","25","155","15","60","0","1700","400","65","20","4","0","0","0","2770","20","0","0","0","1","0","","","","","","","","","","","","","","","","","","","","","","","","","","",""
"596061","Визначено як лікарня для госпіталізації","02005036","КОМУНАЛЬНЕ НЕКОМЕРЦІЙНЕ ПІДПРИЄМСТВО УМАНСЬКА МІСЬКА ЛІКАРНЯ УМАНСЬКОЇ МІСЬКОЇ РАДИ","вул. Шевченка, 50","Черкаська","15.03.2021 0:00:00","499","15.03.2021 8:35:21","0","0","0","0","0","0","0","0","0","0","0","0","0","0","0","0","0","0","0","0","0","0","0","0","6","2","0","0","2","5","0","0","0","1","0","11","0","0","0","116","1","141","50","565","25","218","15","85900","300","0","0","0","0","86","6","16526","300","16","5","0","0","0","0","45","12","0","0","5","1","1","","","","","","","","","","","","","","","","","","","","","","","","","","",""
"596049","Визначено як лікарня для госпіталізації","02005585","КОМУНАЛЬНЕ НЕКОМЕРЦІЙНЕ ПІДПРИЄМСТВО ЧЕРКАСЬКА ОБЛАСНА ЛІКАРНЯ ЧЕРКАСЬКОЇ ОБЛАСНОЇ РАДИ","вул. Менделєєва, буд. 3","Черкаська","15.03.2021 0:00:00","500","15.03.2021 8:32:34","0","0","0","0","0","0","0","0","0","0","0","0","0","0","0","0","0","0","0","0","0","0","0","0","4","4","0","0","4","5","0","0","0","0","4","20","0","0","1","25","1","1450","60","2875","125","1830","70","13670","90","0","0","0","0","604","0","23200","814","856","6","335","0","6","1","503","30","0","0","0","1","1","","","","","","","","","","","","","","","","","","","","","","","","","","",""
"596080","Визначено як лікарня для госпіталізації","02005484","Черкаська центральна районна лікарня","с.Червона Слобода, вул.Пирогова, 3","Черкаська","15.03.2021 0:00:00","501","15.03.2021 8:44:44","0","0","0","0","0","0","0","0","0","0","0","0","0","0","0","0","0","0","0","0","0","0","0","0","1","0","0","0","0","3","0","1","0","1","0","4","0","0","0","152","0","150","10","760","50","887","14","10500","300","0","0","0","0","650","20","56600","800","0","0","160","15","0","0","935","0","0","0","0","1","1","","","","","","","","","","","","","","","","","","","","","","","","","","",""
"596008","Визначено як лікарня для госпіталізації","02005496","Шполянська центральна районна лікарня імені братів  М.С. і О.С. Коломійченків","м.Шпола. вул. Комінтерна, буд.10","Черкаська","15.03.2021 0:00:00","502","15.03.2021 8:21:24","0","0","0","0","0","0","0","0","0","0","0","0","0","0","0","0","0","0","0","0","0","0","0","0","4","1","0","0","1","4","0","0","0","1","0","2","0","0","0","117","0","1673","0","800","0","1143","0","13400","0","0","0","26","0","248","0","10800","0","70","0","50","100","0","0","800","0","0","0","0","1","1","","","","","","","","","","","","","","","","","","","","","","","","","","",""
"596027","Визначено як лікарня для госпіталізації","02004976","КНП Черкаська міська інфекційна лікарня","18028, Черкаська обл., місто Черкаси, Соснівський район, вул. Самійла Кішки, буд. 210/1","Черкаська","15.03.2021 0:00:00","503","15.03.2021 8:28:15","0","0","0","0","0","0","0","0","0","0","0","0","0","0","0","0","0","0","0","0","0","0","0","0","0","0","0","0","0","7","0","0","0","2","0","6","0","0","0","166","0","1627","10","516","50","692","10","46760","50","0","0","0","0","3288","0","36920","50","26","2","100","0","0","0","786","2","0","0","0","1","1","","","","","","","","","","","","","","","","","","","","","","","","","","",""
"596494","Визначено як лікарня для госпіталізації","02005705","Глибоцька центральна районна комунальна лікарня Глибоцької районної ради","смт Глибока, вул. Шевченка, 14","Чернівецька","15.03.2021 0:00:00","504","15.03.2021 10:59:27","0","0","0","0","0","0","0","0","0","0","0","0","0","0","0","0","0","0","0","0","0","0","0","0","0","0","0","0","0","6","0","1","0","0","2","8","0","0","0","31","0","848","18","2816","52","13031","11","21520","216","5800","0","0","0","1112","2","10265","373","706","2","74","4","0","0","24","10","0","0","0","1","1","","","","","","","","","","","","","","","","","","","","","","","","","","",""
"596625","Визначено як лікарня для госпіталізації","01110972","КНП Міська лікарня №1 Чернівецької міської ради","вул. Червоноармійська, 226","Чернівецька","15.03.2021 0:00:00","505","15.03.2021 12:04:50","0","0","0","0","0","0","0","0","0","0","0","0","0","0","0","0","0","0","0","0","0","0","0","0","1","0","0","0","0","7","0","0","0","0","0","13","0","0","0","20","1","4800","0","2000","0","170","0","93680","0","2496","0","0","0","1944","0","20200","0","314","0","1075","0","0","0","1900","0","0","0","1","1","1","","","","","","","","","","","","","","","","","","","","","","","","","","",""
"596582","Визначено як лікарня для госпіталізації","02005674","КОМУНАЛЬНЕ НЕКОМЕРЦІЙНЕ ПІДПРИЄМСТВО ""КЕЛЬМЕНЕЦЬКА ЦЕНТРАЛЬНА РАЙОННА ЛІКАРНЯ"" КЕЛЬМЕНЕЦЬКОЇ РАЙОННОЇ РАДИ","смт Кельменці, вул. Сагайдачного, буд. 75","Чернівецька","15.03.2021 0:00:00","506","15.03.2021 11:44:00","0","0","0","0","0","0","0","0","0","0","0","0","0","0","0","0","0","0","0","0","0","0","0","0","1","0","0","0","0","3","0","1","0","1","0","0","0","0","0","19","0","20","10","200","20","220","30","5550","50","0","0","0","0","734","0","5150","50","14","1","60","0","0","0","1480","0","0","0","0","1","1","","","","","","","","","","","","","","","","","","","","","","","","","","",""
"596354","Визначено як лікарня для госпіталізації","02005832","Комунальна установа Новоселицька центральна районна лікарня","м. Новоселиця, провулок Карамзіна, буд. 1","Чернівецька","15.03.2021 0:00:00","507","15.03.2021 10:08:29","0","0","0","0","0","0","0","0","0","0","0","0","0","0","0","0","0","0","0","0","0","0","0","0","2","0","0","0","0","4","0","0","0","1","0","5","0","0","0","38","0","756","0","3485","0","2037","0","2650","0","13980","0","73","0","34","0","7370","0","353","0","1594","1","0","0","1832","0","0","0","0","1","1","","","","","","","","","","","","","","","","","","","","","","","","","","",""
"596649","Визначено як лікарня для госпіталізації","02005680","КОМУНАЛЬНЕ НЕКОМЕРЦІЙНЕ ПІДПРИЄМСТВО КІЦМАНСЬКА ЦЕНТРАЛЬНА РАЙОННА ЛІКАРНЯ КІЦМАНСЬКОЇ РАЙОННОЇ РАДИ","м.Кіцмань, вул. Незалежності, буд.1","Чернівецька","15.03.2021 0:00:00","508","15.03.2021 12:20:15","0","0","0","0","0","0","0","0","0","0","0","0","0","0","0","0","0","0","0","0","0","0","0","0","3","2","0","0","2","3","0","0","0","4","2","9","0","0","0","26","1","1400","70","400","55","1820","65","86160","280","0","0","520","2","104","0","29130","260","298","4","0","0","0","0","2560","30","0","0","0","1","1","","","","","","","","","","","","","","","","","","","","","","","","","","",""
"596527","Визначено як лікарня для госпіталізації","02005852","КОМУНАЛЬНЕ НЕКОМЕРЦІЙНЕ ПІДПРИЄМСТВО СОКИРЯНСЬКА РАЙОННА ЛІКАРНЯ СОКИРЯНСЬКОЇ РАЙОННОЇ РАДИ","м.Сокиряни, вул. О.Кобилянської, буд.43","Чернівецька","15.03.2021 0:00:00","509","15.03.2021 11:15:45","0","0","0","0","0","0","0","0","0","0","0","0","0","0","0","0","0","0","0","0","0","0","0","0","2","0","0","0","0","4","0","1","0","1","3","21","0","0","0","35","1","3104","0","1316","35","2861","0","18904","20","16500","0","0","0","378","0","28196","300","125","0","2099","29","0","0","3092","23","0","0","0","1","1","","","","","","","","","","","","","","","","","","","","","","","","","","",""
"596134","Визначено як лікарня для госпіталізації","02005869","КОМУНАЛЬНЕ НЕКОМЕРЦІЙНЕ ПІДПРИЄМСТВО ""СТОРОЖИНЕЦЬКА БАГАТОПРОФІЛЬНА ЛІКАРНЯ ІНТЕНСИВНОГО ЛІКУВАННЯ"" СТОРОЖИНЕЦЬКОЇ МІСЬКОЇ РАДИ ЧЕРНІВЕЦЬКОГО РАЙОНУ ЧЕРНІВЕЦЬКОЇ ОБЛАСТІ","м. Сторожинець, вул. Видинівського, 20","Чернівецька","15.03.2021 0:00:00","510","15.03.2021 8:59:27","0","0","0","0","0","0","0","0","0","0","0","0","0","0","0","0","0","0","0","0","0","0","0","0","0","0","0","0","0","6","0","1","0","1","1","6","0","0","0","50","1","3521","25","372","110","4453","80","93604","410","0","0","0","0","884","23","22503","400","866","14","1738","11","0","0","1448","25","0","0","0","1","1","","","","","","","","","","","","","","","","","","","","","","","","","","",""
"596632","Визначено як лікарня для госпіталізації","02005875","КОМУНАЛЬНЕ НЕКОМЕРЦІЙНЕ ПІДПРИЄМСТВО ХОТИНСЬКА РАЙОННА ЛІКАРНЯ ХОТИНСЬКОЇ РАЙОННОЇ РАДИ","м. Хотин, вул. Богдана Хмельницького, буд. 4","Чернівецька","15.03.2021 0:00:00","511","15.03.2021 12:08:28","0","0","0","0","0","0","0","0","0","0","0","0","0","0","0","0","0","0","0","0","0","0","0","0","2","0","0","0","0","6","0","0","0","0","2","6","0","0","0","44","0","675","0","130","0","365","0","5550","0","0","0","0","0","75","0","11400","0","530","0","741","0","0","0","2198","0","0","0","1","1","1","","","","","","","","","","","","","","","","","","","","","","","","","","",""
"596670","Визначено як лікарня для госпіталізації","43288621","КНП Чернівецька обласна клінічна лікарня","58001, Чернівецька обл., місто Чернівці, Першотравневий район, вул. Головна, буд. 137","Чернівецька","15.03.2021 0:00:00","512","15.03.2021 12:45:40","0","0","0","0","0","0","0","0","0","0","0","0","0","0","0","0","0","0","0","0","0","0","0","0","2","0","0","0","1","36","0","0","0","5","0","32","17","19","1","108","0","11670","100","13210","100","17285","100","19500","200","450","0","1273","10","1810","0","16620","200","564","50","60","6","0","0","10680","9","0","0","2","1","1","","","","","","","","","","","","","","","","","","","","","","","","","","",""
"596318","Визначено як лікарня для госпіталізації","43291042","КНП Чернівецька обласна дитяча клінічна лікарня","58023, Чернівецька обл., місто Чернівці, вул. Руська, буд. 207-А","Чернівецька","15.03.2021 0:00:00","513","15.03.2021 9:53:35","0","0","0","0","0","0","0","0","0","0","0","0","0","0","0","0","0","0","0","0","0","0","0","0","0","0","0","0","0","0","0","9","0","1","3","11","0","0","0","25","1","470","10","2790","30","5260","20","15200","200","0","200","50","20","403","10","36300","500","255","5","124","0","0","0","1864","10","0","0","0","1","1","","","","","","","","","","","","","","","","","","","","","","","","","","",""
"596155","Визначено як лікарня для госпіталізації","02006277","Козелецька центральна районна лікарня","смт Козелець, вул. Сім'ї Розумовських, 45","Чернігівська","15.03.2021 0:00:00","514","15.03.2021 9:06:19","0","0","0","0","0","0","0","0","0","0","0","0","0","0","0","0","0","0","0","0","0","0","0","0","0","0","0","0","0","7","0","1","0","1","1","5","0","0","0","37","1","196","0","370","0","1035","0","6850","0","0","0","0","0","110","0","3750","0","90","0","126","0","0","0","237","0","0","0","2","1","1","","","","","","","","","","","","","","","","","","","","","","","","","","",""
"596084","Визначено як лікарня для госпіталізації","02006610","КОМУНАЛЬНЕ НЕКОМЕРЦІЙНЕ ПІДПРИЄМСТВО ПОЛОГОВИЙ БУДИНОК ЧЕРНІГІВСЬКОЇ МІСЬКОЇ РАДИ","вул. 1 Травня, буд. 172","Чернігівська","15.03.2021 0:00:00","515","15.03.2021 8:45:46","0","0","0","0","0","0","0","0","0","0","0","0","0","0","0","0","0","0","0","0","0","0","0","0","2","0","0","0","0","2","0","5","0","2","0","11","0","0","0","0","1","2764","0","1002","0","952","0","1596","0","1500","0","0","0","185","0","562","0","76","0","565","0","0","0","170","0","0","0","0","1","1","","","","","","","","","","","","","","","","","","","","","","","","","","",""
"596009","Визначено як лікарня для госпіталізації","34549336","КОМУНАЛЬНЕ НЕКОМЕРЦІЙНЕ ПІДПРИЄМСТВО ПРИЛУЦЬКА ЦЕНТРАЛЬНА МІСЬКА ЛІКАРНЯ","вул. Київська, буд 56","Чернігівська","15.03.2021 0:00:00","516","15.03.2021 8:21:53","0","0","0","0","0","0","0","0","0","0","0","0","0","0","0","0","0","0","0","0","0","0","0","0","0","0","0","0","0","7","0","1","0","0","0","13","0","0","0","63","0","0","0","1530","60","20","10","960","200","0","0","0","0","30","10","12800","100","320","10","110","0","0","0","9059","0","0","0","0","1","0","","","","","","","","","","","","","","","","","","","","","","","","","","",""
"596422","Визначено як лікарня для госпіталізації","14233274","КОМУНАЛЬНЕ НЕКОМЕРЦІЙНЕ ПІДПРИЄМСТВО ЧЕРНІГІВСЬКА МІСЬКА ЛІКАРНЯ № 2 ЧЕРНІГІВСЬКОЇ МІСЬКОЇ РАДИ","вул. 1-го Травня, 168","Чернігівська","15.03.2021 0:00:00","517","15.03.2021 10:33:40","0","0","0","0","0","0","0","0","0","0","0","0","0","0","0","0","0","0","0","0","0","0","0","0","2","0","1","0","0","10","1","0","0","1","4","4","0","0","0","46","1","2636","0","2349","30","368","15","105884","80","0","0","0","0","2253","0","51490","75","21","1","263","1","0","0","2823","2","0","0","0","1","1","","","","","","","","","","","","","","","","","","","","","","","","","","",""
"596561","Визначено як лікарня для госпіталізації","02006604","КОМУНАЛЬНЕ НЕКОМЕРЦІЙНЕ ПІДПРИЄМСТВО ЧЕРНІГІВСЬКА ОБЛАСНА ДИТЯЧА ЛІКАРНЯ ЧЕРНІГІВСЬКОЇ ОБЛАСНОЇ РАДИ","вул. Пирогова, буд. 16","Чернігівська","15.03.2021 0:00:00","518","15.03.2021 11:33:30","0","0","0","0","0","0","0","0","0","0","0","0","0","0","0","0","0","0","0","0","0","0","0","0","2","0","0","0","0","7","0","0","0","2","0","9","0","0","0","17","1","977","0","2885","7","1971","7","77950","200","515","0","197","0","184","0","2038","14","103","2","277","10","0","0","1034","22","0","0","2","1","1","","","","","","","","","","","","","","","","","","","","","","","","","","",""
"596695","Визначено як лікарня для госпіталізації","02774125","Комунальний лікувально-профілактичний заклад Ніжинська центральна міська лікарня імені Миколи Галицького Ніжинської міської Ради Чернігівської облас","вул. Московська, буд.21","Чернігівська","15.03.2021 0:00:00","519","15.03.2021 13:05:59","0","0","0","0","0","0","0","0","0","0","0","0","0","0","0","0","0","0","0","0","0","0","0","0","0","0","0","0","0","18","0","0","0","1","0","15","0","0","0","101","1","2319","0","3538","0","3873","0","4100","0","1500","0","0","0","480","0","8299","0","410","0","685","0","0","0","264","0","0","0","0","1","0","","","","","","","","","","","","","","","","","","","","","","","","","","",""
"596112","Визначено як лікарня для госпіталізації","02006403","КНП Новгород –Сіверська Центральна районна лікарня ім.  І. В. Буяльського Новгород-Сіверської районної ради  Чернігівської області","16000, Чернігівська обл., м. Новгород-Сіверський, вул. Шевченка, 17","Чернігівська","15.03.2021 0:00:00","520","15.03.2021 8:53:01","0","0","0","0","0","0","0","0","0","0","0","0","0","0","0","0","0","0","0","0","0","0","0","0","0","0","0","0","0","3","0","0","0","0","0","3","0","0","0","15","0","0","18","80","30","138","18","4905","360","0","120","0","0","67","18","7800","26","96","8","31","2","0","0","0","0","0","0","0","1","1","","","","","","","","","","","","","","","","","","","","","","","","","","",""
"596142","Визначено як лікарня для госпіталізації","02006320","КНП «Корюківська ЦРЛ» Корюківської районної ради","15300, Чернігівська обл., Корюківський район, м. Корюківка, вул. Шевченка, 101","Чернігівська","15.03.2021 0:00:00","521","15.03.2021 9:01:35","0","0","0","0","0","0","0","0","0","0","0","0","0","0","0","0","0","0","0","0","0","0","0","0","1","0","1","0","0","2","1","0","0","2","1","5","0","0","0","27","0","4150","10","760","5","60","5","5520","10","450","0","70","0","100","0","19320","10","241","1","390","7","0","0","143","10","0","0","0","1","0","","","","","","","","","","","","","","","","","","","","","","","","","","",""
"596646","Визначено як лікарня для госпіталізації","02006188","КНП «Борзнянська ЦРЛ» Борзнянської районної ради","16400, Чернігівська обл., Борзнянський район, м. Борзна, вул. Семена Палія, 22","Чернігівська","15.03.2021 0:00:00","522","15.03.2021 12:16:31","0","0","0","0","0","0","0","0","0","0","0","0","0","0","0","0","0","0","0","0","0","0","0","0","0","0","0","0","0","5","0","1","0","1","0","6","0","0","0","33","0","178","0","549","10","187","8","5464","50","0","0","0","0","251","0","2778","36","32","1","369","4","0","0","448","0","0","0","0","1","1","","","","","","","","","","","","","","","","","","","","","","","","","","",""
"596062","Визначено як лікарня для госпіталізації","00440221","КНП  ""Міська лікарня №8"" ЗМР","вул.Харчова, 2, м. Запоріжжя, 69014","Запорізька","15.03.2021 0:00:00","525","15.03.2021 8:35:32","0","0","0","0","0","0","0","0","0","0","0","0","0","0","0","0","0","0","0","0","0","0","0","0","0","0","0","0","0","0","0","0","0","0","0","1","0","0","0","3","0","546","6","13","0","158","0","1141","24","0","0","0","0","56","0","5522","26","24","1","1946","0","0","0","0","0","0","0","0","1","0","","","","","","","","","","","","","","","","","","","","","","","","","","",""
"596208","Визначено як лікарня для госпіталізації","00185028","КНП «Київська міська клінічна лікарня №5»","вул. Відпочинку, 11","м.Київ","15.03.2021 0:00:00","527","15.03.2021 9:20:22","0","0","0","0","0","0","0","0","0","0","0","0","0","0","0","0","0","0","0","0","0","0","0","0","0","0","7","0","0","27","7","0","0","3","0","26","0","0","0","43","0","8090","100","132620","40","30400","50","142660","100","0","0","0","0","1774","0","1255900","100","184","2","0","0","490","2","8733","80","0","0","0","1","1","","","","","","","","","","","","","","","","","","","","","","","","","","",""
"596589","Визначено як лікарня для госпіталізації","00184945","КНП «Київська міська клінічна лікарня швидкої медичної допомоги» виконавчого органу Київської міської ради (Київської міської державної адміністрації)","вул. Братиславська, 3","м.Київ","15.03.2021 0:00:00","528","15.03.2021 11:47:12","0","0","0","0","0","0","0","0","0","0","0","0","0","0","0","0","0","0","0","0","0","0","0","0","10","0","0","0","0","16","0","0","0","0","0","0","0","0","1","3","1","0","0","250","0","400","0","23000","0","0","0","0","0","120","0","85000","0","300","0","2500","1","0","0","0","0","0","0","0","1","1","","","","","","","","","","","","","","","","","","","","","","","","","","",""
"596000","Визначено як лікарня для госпіталізації","01982494","КНП ""Бершадська окружналікарня інтенсивного лікування""","24400, Вінницька область,  м.Бершадь,вул. Будкевича 2","Вінницька","15.03.2021 0:00:00","530","15.03.2021 8:17:18","0","0","0","0","0","0","0","0","0","0","0","0","0","0","0","0","0","0","0","0","0","0","0","0","0","0","0","0","0","9","0","1","0","1","0","5","0","0","0","42","1","400","0","2097","0","680","0","37000","0","470","0","0","0","266","0","4500","0","412","0","487","0","0","0","0","0","0","0","0","1","1","","","","","","","","","","","","","","","","","","","","","","","","","","",""
"596448","Визначено як лікарня для госпіталізації","05484008","Комунальне некомерційне підприємство «Вінницьке обласне спеціалізоване територіальне медичне об’єднання «Фтизіатрія» Вінницької обласної Ради»","74300, Херсонська область, м. Берислав, вул. 1 Травня, 124","Вінницька","15.03.2021 0:00:00","534","15.03.2021 10:45:05","0","0","0","0","0","0","0","0","0","0","0","0","0","0","0","0","0","0","0","0","0","0","0","0","2","0","0","0","0","2","0","0","0","0","0","4","0","0","0","52","1","0","0","0","50","50","0","27523","100","0","0","0","0","40","20","7700","200","86","2","1455","13","0","0","113","0","0","0","0","1","1","","","","","","","","","","","","","","","","","","","","","","","","","","",""
"596122","Визначено як лікарня для госпіталізації","05484445","КНП ""Вінницький міський клінічний пологовий будинок №1""","21029, м.Вінниця, вул. Хмельницьке шосе, 98","Вінницька","15.03.2021 0:00:00","535","15.03.2021 8:56:21","0","0","0","0","0","0","0","0","0","0","0","0","0","0","0","0","0","0","0","0","0","0","0","0","9","6","1","0","9","1","1","2","0","1","0","10","0","0","0","19","0","750","0","3046","0","610","80","12080","230","3000","0","0","0","104","4","14960","540","101","0","62","0","0","0","0","0","0","0","0","1","1","","","","","","","","","","","","","","","","","","","","","","","","","","",""
"596353","Визначено як лікарня для госпіталізації","01982531","Комунальне некомерційне підприємство ""Іллінецька центральна районна лікарня"" Іллінецької районної ради","м. Іллінці, вул. Вільшанська, буд. 48","Вінницька","15.03.2021 0:00:00","544","15.03.2021 10:08:17","0","0","0","0","0","0","0","0","0","0","0","0","0","0","0","0","0","0","0","0","0","0","0","0","0","0","0","0","0","1","0","0","0","0","1","4","0","0","0","13","0","421","40","90","5","24","0","1130","150","0","0","0","0","130","0","1700","150","15","2","413","8","0","0","10","0","0","0","0","1","1","","","","","","","","","","","","","","","","","","","","","","","","","","",""
"596530","Визначено як лікарня для госпіталізації","01982488","КНП ""Барська центральна районна лікарня""","23100, Вінницька область,Барський р-н,  м. Бар, вул. Каштанова,34","Вінницька","15.03.2021 0:00:00","545","15.03.2021 11:16:12","0","0","0","0","0","0","0","0","0","0","0","0","0","0","0","0","0","0","0","0","0","0","0","0","1","0","0","0","0","6","0","3","0","2","0","6","0","0","0","17","1","570","0","3340","0","1089","0","64002","0","600","0","265","0","332","0","16795","0","189","2","783","19","0","0","0","0","0","0","0","1","1","","","","","","","","","","","","","","","","","","","","","","","","","","",""
"596433","Визначено як лікарня для госпіталізації","01982643","Комунальне некомерційне підприємство ""Теплицька центральна районна лікарня"" Теплицької районної ради","смт Теплик, вул.Чорновола, буд.4","Вінницька","15.03.2021 0:00:00","547","15.03.2021 10:38:21","0","0","0","0","0","0","0","0","0","0","0","0","0","0","0","0","0","0","0","0","0","0","0","0","1","0","0","0","0","2","0","0","0","0","0","4","0","0","0","19","0","695","12","342","12","59","0","12634","30","180","0","10","0","80","0","14759","18","63","1","617","5","0","0","957","9","0","0","1","1","1","","","","","","","","","","","","","","","","","","","","","","","","","","",""
"596440","Визначено як лікарня для госпіталізації","01982726","КНП ""Ямпільська центральна районна лікарня""","24500, Вінницька обл. Ямпільський   р-н, м.Ямпіль, вул. Пирогова, 1,","Вінницька","15.03.2021 0:00:00","549","15.03.2021 10:41:39","0","0","0","0","0","0","0","0","0","0","0","0","0","0","0","0","0","0","0","0","0","0","0","0","2","0","0","0","0","5","0","1","0","1","0","19","0","0","0","42","0","180","0","1670","0","914","0","5730","200","15988","0","20","0","260","0","8005","200","153","1","0","0","0","0","1219","2","0","0","0","1","1","","","","","","","","","","","","","","","","","","","","","","","","","","",""
"596279","Визначено як лікарня для госпіталізації","01982755","КОМУНАЛЬНЕ НЕКОМЕРЦІЙНЕ ПІДПРИЄМСТВО ""ВІННИЦЬКА МІСЬКА КЛІНІЧНА ЛІКАРНЯ №3""","вул. Маяковського, буд. 138","Вінницька","15.03.2021 0:00:00","550","15.03.2021 9:39:40","0","0","0","0","0","0","0","0","0","0","0","0","0","0","0","0","0","0","0","0","0","0","0","0","10","10","0","0","10","0","0","0","0","0","0","4","0","0","0","8","0","2200","5","9000","10","4400","5","55000","50","0","12","0","10","46","10","18","100","2577","6","3038","0","0","0","0","0","0","0","0","1","1","","","","","","","","","","","","","","","","","","","","","","","","","","",""
"595951","Визначено як лікарня для госпіталізації","05484451","КНП “Вінницький міський клінічний  пологовий будинок №2”","21001, м. Вінниця, пр-т. Коцюбинського, 50","Вінницька","15.03.2021 0:00:00","552","15.03.2021 7:28:56","0","0","0","0","0","0","0","0","0","0","0","0","0","0","0","0","0","0","0","0","0","0","0","0","0","0","0","0","0","8","0","0","0","0","0","4","0","0","0","2","0","7780","80","13440","40","1890","80","21400","100","6960","0","0","0","500","2","0","0","112","1","628","4","0","0","2694","0","0","0","0","1","1","","","","","","","","","","","","","","","","","","","","","","","","","","",""
"596250","Визначено як лікарня для госпіталізації","01982560","КНП ""Крижопільська окружна лікарня інтенсивного лікування""","24600 Вінницька обл., Крижопільський район, смт.Крижопіль, вул.Данили Нечая,10,","Вінницька","15.03.2021 0:00:00","553","15.03.2021 9:30:35","0","0","0","0","0","0","0","0","0","0","0","0","0","0","0","0","0","0","0","0","0","0","0","0","2","0","0","0","0","6","0","1","0","3","2","9","0","0","0","20","1","0","0","1032","0","185","0","15000","0","360","0","0","0","192","0","8390","0","130","0","2092","34","0","0","192","0","0","0","1","1","1","","","","","","","","","","","","","","","","","","","","","","","","","","",""
"596197","Визначено як лікарня для госпіталізації","01982614","КНП ""Немирівська міська  лікарня""","22800 Вінницька область, м. Немирів, вул. Шевченка, 26","Вінницька","15.03.2021 0:00:00","555","15.03.2021 9:17:55","0","0","0","0","0","0","0","0","0","0","0","0","0","0","0","0","0","0","0","0","0","0","0","0","0","0","0","0","0","6","0","0","0","1","0","4","0","0","0","34","0","3950","10","1452","0","30","0","9333","50","1380","0","0","0","180","0","200","100","20","5","20","0","0","0","38","28","0","0","0","1","1","","","","","","","","","","","","","","","","","","","","","","","","","","",""
"596238","Визначено як лікарня для госпіталізації","01982689","КНП""Тиврівська ЦРЛ""","Вінницька обл., Тиврівський р-н., смт.Тиврів вул.Шевченка 2а","Вінницька","15.03.2021 0:00:00","557","15.03.2021 9:27:26","0","0","0","0","0","0","0","0","0","0","0","0","0","0","0","0","0","0","0","0","0","0","0","0","0","0","0","0","0","4","0","0","0","0","0","4","0","0","0","12","0","256","22","1058","22","170","18","1405","150","0","0","18","0","36","0","150","0","8","2","1766","2","0","0","201","2","0","0","0","1","1","","","","","","","","","","","","","","","","","","","","","","","","","","",""
"596491","Визначено як лікарня для госпіталізації","01982672","КНП ""Тульчинська центральна районна лікарня""","23600, Вінницька обл., м.Тульчин, вул. Леніна,128","Вінницька","15.03.2021 0:00:00","558","15.03.2021 10:58:33","0","0","0","0","0","0","0","0","0","0","0","0","0","0","0","0","0","0","0","0","0","0","0","0","0","0","3","0","0","3","3","1","0","2","0","10","0","0","0","24","0","313","40","1552","0","85","0","3610","195","300","0","127","0","188","0","3253","215","190","2","2177","2","0","0","2626","0","0","0","0","1","1","","","","","","","","","","","","","","","","","","","","","","","","","","",""
"595990","Визначено як лікарня для госпіталізації","01982264","Комунальне некомерційне підприємство ""Вінницька обласна психоневрологічна лікарня ім. акад. О.І Ющенка Вінницької обласної Ради""","вул.Пирогова, буд.109","Вінницька","15.03.2021 0:00:00","564","15.03.2021 8:11:12","0","0","0","0","0","0","0","0","0","0","0","0","0","0","0","0","0","0","0","0","0","0","0","0","1","0","0","0","0","2","0","2","0","2","2","4","0","0","0","4","0","0","0","74","0","71","0","7030","20","1670","5","0","0","245","0","48200","50","154","1","1962","6","2036","1","50","0","0","0","0","1","0","","","","","","","","","","","","","","","","","","","","","","","","","","",""
"596411","Визначено як лікарня для госпіталізації","01982896","КНП «Горохівська центральна районна лікарня» Горохівської районної ради.","45700, м. Горохів, вул. Паркова, 22","Волинська","15.03.2021 0:00:00","573","15.03.2021 10:27:13","0","0","0","0","0","0","0","0","0","0","0","0","0","0","0","0","0","0","0","0","0","0","0","0","0","0","0","0","0","3","0","1","0","0","0","8","0","0","0","28","1","1490","60","1700","0","35","0","3374","336","500","0","0","0","150","0","900","200","6","3","212","20","0","0","1000","0","0","0","2","1","1","","","","","","","","","","","","","","","","","","","","","","","","","","",""
"596375","Визначено як лікарня для госпіталізації","01983051","КНП «Камінь-Каширська центральна районна лікарня» Камінь-Каширської районної ради.","44500,Камінь-Каширський район, м. Камінь-Каширськ, вул. Шевченка,43","Волинська","15.03.2021 0:00:00","574","15.03.2021 10:15:43","0","0","0","0","0","0","0","0","0","0","0","0","0","0","0","0","0","0","0","0","0","0","0","0","1","0","0","0","0","2","0","1","0","0","0","9","0","0","0","83","0","430","0","2258","0","236","0","42250","0","0","0","0","0","200","0","10250","0","530","0","0","0","0","0","284","4","0","0","0","1","0","","","","","","","","","","","","","","","","","","","","","","","","","","",""
"596506","Визначено як лікарня для госпіталізації","01982904","КНП «Іваничівська центральна районна лікарня» Іваничівської районної ради.","45300, Іваничівський район, смт. Іваничі, вул Грушевського,45","Волинська","15.03.2021 0:00:00","576","15.03.2021 11:05:25","0","0","0","0","0","0","0","0","0","0","0","0","0","0","0","0","0","0","0","0","0","0","0","0","0","0","0","0","0","0","0","0","0","0","1","3","0","0","0","67","1","9","8","0","0","49","0","5880","30","0","0","0","0","240","0","1977","70","158","2","1147","2","0","0","503","0","0","0","5","1","0","","","","","","","","","","","","","","","","","","","","","","","","","","",""
"596282","Визначено як лікарня для госпіталізації","01982927","КНП «Любешівська районна лікарня» Любешівської районної ради.","44201, Любешівський район, смт. Любешів, вул. Незалежності,3","Волинська","15.03.2021 0:00:00","578","15.03.2021 9:41:59","0","0","0","0","0","0","0","0","0","0","0","0","0","0","0","0","0","0","0","0","0","0","0","0","1","0","0","0","0","3","0","0","0","1","0","4","0","0","0","47","1","1150","20","1755","5","125","0","8266","300","0","0","0","0","386","0","3166","300","136","2","1035","12","0","0","685","15","0","0","0","1","1","","","","","","","","","","","","","","","","","","","","","","","","","","",""
"596481","Визначено як лікарня для госпіталізації","01982991","КНП «Ратнівська центральна районна лікарня» Ратнівської районної ради.","44100, Ратнівський район, смт. Ратне, вул. Газіна,64","Волинська","15.03.2021 0:00:00","579","15.03.2021 10:53:24","0","0","0","0","0","0","0","0","0","0","0","0","0","0","0","0","0","0","0","0","0","0","0","0","7","0","0","0","0","5","0","1","0","1","0","5","0","0","0","53","1","550","50","490","25","240","10","4500","500","0","0","0","0","180","20","550","125","215","9","16","0","0","0","312","0","0","0","4","1","0","","","","","","","","","","","","","","","","","","","","","","","","","","",""
"596464","Визначено як лікарня для госпіталізації","01982910","КНП «Рожищенська районна лікарня» Рожищенської районної ради.","45100, Рожищенський район, м. Рожище, вул. Коте Шолокадзе,19","Волинська","15.03.2021 0:00:00","580","15.03.2021 10:49:30","0","0","0","0","0","0","0","0","0","0","0","0","0","0","0","0","0","0","0","0","0","0","0","0","0","0","0","0","0","4","0","0","0","0","2","6","0","0","0","46","0","380","4","956","4","0","0","7800","10","580","5","0","0","21","0","4360","40","81","1","0","0","0","0","956","0","0","0","0","1","0","","","","","","","","","","","","","","","","","","","","","","","","","","",""
"596040","Визначено як лікарня для госпіталізації","01982985","Комунальне підприємство ""Луцька міська клінічна лікарня""","місто Луцьк, проспект Відродження,22","Волинська","15.03.2021 0:00:00","586","15.03.2021 8:31:18","0","0","0","0","0","0","0","0","0","0","0","0","0","0","0","0","0","0","0","0","0","0","0","0","11","0","0","0","4","0","0","0","0","0","0","20","0","0","0","50","1","285","30","14500","30","4012","0","3200","0","0","0","200","0","20","0","5810","200","10","1","0","0","0","0","32","0","0","0","50","1","1","","","","","","","","","","","","","","","","","","","","","","","","","","",""
"596644","Визначено як лікарня для госпіталізації","01983134","КП «Луцька центральна районна лікарня».","45601,Луцький район, с. Липини, вул.Теремнівська,100","Волинська","15.03.2021 0:00:00","587","15.03.2021 12:15:10","0","0","0","0","0","0","0","0","0","0","0","0","0","0","0","0","0","0","0","0","0","0","0","0","2","0","0","0","0","8","0","1","0","0","0","14","0","0","0","51","1","6425","25","1000","25","1660","10","15700","200","0","0","0","0","236","0","37000","200","167","2","0","0","0","0","280","5","0","0","2","1","1","","","","","","","","","","","","","","","","","","","","","","","","","","",""
"596194","Визначено як лікарня для госпіталізації","01983186","КП «Маневицька центральна районна лікарня».","44601, Маневицький район, м. Маневичі, Незалежності,1","Волинська","15.03.2021 0:00:00","588","15.03.2021 9:17:22","0","0","0","0","0","0","0","0","0","0","0","0","0","0","0","0","0","0","0","0","0","0","0","0","0","0","1","0","0","11","1","1","0","0","0","11","0","0","0","40","1","737","23","3653","47","1398","22","23986","78","1228","0","0","0","67","0","31998","87","59","1","829","28","0","0","531","1","0","0","0","1","0","","","","","","","","","","","","","","","","","","","","","","","","","","",""
"596311","Визначено як лікарня для госпіталізації","01111977","КНП ""Криворізька міська лікарня №10"" КМР","м. Кривий Ріг вул. Вернадського 141а","Дніпропетровська","15.03.2021 0:00:00","596","15.03.2021 9:51:38","0","0","0","0","0","0","0","0","0","0","0","0","0","0","0","0","0","0","0","0","0","0","0","0","0","0","0","0","0","7","0","0","0","0","0","2","0","0","0","52","0","481","16","244","3","1291","4","34884","72","0","0","0","0","74","0","16399","36","34988","1","564","11","0","0","643","5","0","0","0","1","0","","","","","","","","","","","","","","","","","","","","","","","","","","",""
"596680","Визначено як лікарня для госпіталізації","40081352","Київська клінічна лікарня на залізничному транспорті №3","вул. Сімферополька, 8","м.Київ","15.03.2021 0:00:00","599","15.03.2021 12:52:53","0","0","0","0","0","0","0","0","0","0","0","0","0","0","0","0","0","0","0","0","0","0","0","0","0","0","0","0","0","3","0","0","0","0","0","0","0","0","0","1","0","800","0","2490","0","100","0","0","0","8500","0","0","0","307","0","0","0","0","0","276","0","0","0","0","0","0","0","0","0","1","","","","","","","","","","","","","","","","","","","","","","","","","","",""
"595973","Визначено як лікарня для госпіталізації","01985185","Комунальне підприємство ""Дніпропетровське обласне клінінчне лікувально-профілактичне об'єднання ""Фтизіатрія"" Дніпропетровької обласної ради""","49115 м.Дніпро, вул.Бехтерева,12","Дніпропетровська","15.03.2021 0:00:00","600","15.03.2021 7:59:31","0","0","0","0","0","0","0","0","0","0","0","0","0","0","0","0","0","0","0","0","0","0","0","0","3","0","0","0","0","0","0","0","0","2","0","12","0","0","0","75","0","28","6","10262","49","619","49","98749","60","0","0","0","0","178","0","5059","50","20","1","22408","0","2627","0","174","0","0","0","0","1","0","","","","","","","","","","","","","","","","","","","","","","","","","","",""
"595970","Визначено як лікарня для госпіталізації","01984636","Комунальне некомерційне підприємство ""Клінічна лікарня швидкої медичної допомоги"" Дніпровської міської ради""","49006, Дніпропетровська обл., місто Дніпро, вулиця Володимира Антоновича, будинок 65","Дніпропетровська","15.03.2021 0:00:00","601","15.03.2021 7:57:53","0","0","0","0","0","0","0","0","0","0","0","0","0","0","0","0","0","0","0","0","0","0","0","0","0","0","0","0","0","8","0","0","0","0","0","6","0","0","0","69","1","867","0","1010","0","1570","0","12500","50","300","0","0","0","700","0","0","0","294","3","714","2","0","0","200","0","0","0","2","1","1","","","","","","","","","","","","","","","","","","","","","","","","","","",""
"596334","Визначено як лікарня для госпіталізації","01986233","КОМУНАЛЬНЕ НЕКОМЕРЦІЙНЕ ПІДПРИЄМСТВО ""КРИВОРІЗЬКА МІСЬКА ЛІКАРНЯ №16"" КРИВОРІЗЬКОЇ МІСЬКОЇ РАДИ","вул. Мусорського, буд. 32-А","Дніпропетровська","15.03.2021 0:00:00","603","15.03.2021 9:59:08","0","0","0","0","0","0","0","0","0","0","0","0","0","0","0","0","0","0","0","0","0","0","0","0","0","0","0","0","0","4","0","0","0","0","0","5","0","0","0","50","0","280","4","0","0","262","20","13256","90","590","0","0","0","100","0","1218","50","791","4","782","32","0","0","736","40","0","0","0","1","1","","","","","","","","","","","","","","","","","","","","","","","","","","",""
"596024","Визначено як лікарня для госпіталізації","01987037","Комунальне некомерційне підприємство ""Криворізька міська лікарня №5"" Криворізької міської ради","м. Кривий Ріг, вул.Поперечна, 1а","Дніпропетровська","15.03.2021 0:00:00","604","15.03.2021 8:27:36","0","0","0","0","0","0","0","0","0","0","0","0","0","0","0","0","0","0","0","0","0","0","0","0","0","0","0","0","0","4","0","0","0","0","0","3","0","0","0","63","0","70","50","0","0","0","0","39600","80","0","0","0","0","92","2","3240","100","3","2","30","5","0","0","0","0","0","0","0","1","0","","","","","","","","","","","","","","","","","","","","","","","","","","",""
"596485","Визначено як лікарня для госпіталізації","01986003","Комунальне підприємство ""Криворізька міська клінічна лікарня № 8"" Криворізької міської ради"" (дитяча)","50082, Дніпропетровська обл., місто Кривий Ріг, вулиця Сергія Колачевського, будинок 55","Дніпропетровська","15.03.2021 0:00:00","610","15.03.2021 10:54:15","0","0","0","0","0","0","0","0","0","0","0","0","0","0","0","0","0","0","0","0","0","0","0","0","0","0","0","0","0","1","0","11","0","2","3","8","0","0","0","123","1","40","20","130","10","1880","25","15200","100","2190","540","0","0","458","0","5150","150","60","5","686","12","0","0","652","12","0","0","4","1","0","","","","","","","","","","","","","","","","","","","","","","","","","","",""
"596175","Визначено як лікарня для госпіталізації","01986546","Комунальне підприємство «Криворізька міська лікарня №1» Криворізької міської ради","50074, Дніпропетровська обл., місто Кривий Ріг, вул. Святогеоргіївська, 8а","Дніпропетровська","15.03.2021 0:00:00","611","15.03.2021 9:11:35","0","0","0","0","0","0","0","0","0","0","0","0","0","0","0","0","0","0","0","0","0","0","0","0","0","0","0","0","0","11","0","0","0","0","2","9","0","0","0","54","0","2069","0","5758","5","12039","5","40282","10","0","0","0","0","321","0","4590","10","16","0","879","17","7000","0","4000","0","0","0","0","1","0","","","","","","","","","","","","","","","","","","","","","","","","","","",""
"596372","Визначено як лікарня для госпіталізації","01983944","Комунальне некомерційне підприємство ""Міська клінічна лікарня № 11"" Дніпровської міської ради","49068, Дніпропетровська обл.
місто Дніпро
Новокодацький район
вулиця Ганни Барвінок
будинок 1","Дніпропетровська","15.03.2021 0:00:00","622","15.03.2021 10:14:46","0","0","0","0","0","0","0","0","0","0","0","0","0","0","0","0","0","0","0","0","0","0","0","0","0","0","1","0","0","3","1","0","0","0","2","3","0","0","0","153","0","2295","5","835","10","1190","10","18110","50","16","0","0","0","190","5","13910","50","15","0","557","0","0","0","338","6","0","0","0","0","0","","","","","","","","","","","","","","","","","","","","","","","","","","",""
"596590","Визначено як лікарня для госпіталізації","03296202","Комунальне підприємство ""Слобожанська центральна лікарня"" Слобожанської селищної ради""","52005, Дніпропетровська область, Дніпровський район, смт. Слобожанське, вул. Василя Сухомлинського, 72","Дніпропетровська","15.03.2021 0:00:00","628","15.03.2021 11:47:39","0","0","0","0","0","0","0","0","0","0","0","0","0","0","0","0","0","0","0","0","0","0","0","0","2","0","0","0","0","1","0","0","0","0","0","8","0","0","0","78","1","3708","124","2348","57","4045","166","31185","244","1000","0","421","0","80","0","15173","471","54","2","847","18","0","0","1216","20","0","0","0","0","0","","","","","","","","","","","","","","","","","","","","","","","","","","",""
"596472","Визначено як лікарня для госпіталізації","01986345","Комунальне некомерційне підприємство ""Криворізька міська лікарня № 11"" Криворізької міської ради""","50026, Дніпропетровська обл., місто Кривий Ріг, вулиця Добролюбова, будинок 6","Дніпропетровська","15.03.2021 0:00:00","632","15.03.2021 10:51:49","0","0","0","0","0","0","0","0","0","0","0","0","0","0","0","0","0","0","0","0","0","0","0","0","1","0","0","0","0","3","0","0","0","0","0","3","0","0","0","51","0","459","26","1931","142","391","129","32401","50","1329","0","0","0","489","0","10150","400","398","3","929","14","2382","0","200","0","0","0","0","1","1","","","","","","","","","","","","","","","","","","","","","","","","","","",""
"596260","Визначено як лікарня для госпіталізації","01986351","Комунальне некомерційне підприємство ""Криворізька міська лікарня №17"" Криворізької міської ради","50102, м. Кривий Ріг, вул. Каткова, б.2","Дніпропетровська","15.03.2021 0:00:00","633","15.03.2021 9:33:26","0","0","0","0","0","0","0","0","0","0","0","0","0","0","0","0","0","0","0","0","0","0","0","0","3","0","0","0","0","2","0","0","0","0","3","2","0","0","0","34","1","125","50","170","40","1885","35","9565","200","500","0","0","0","60","0","4700","70","63","1","56","2","0","0","97","3","0","0","0","1","0","","","","","","","","","","","","","","","","","","","","","","","","","","",""
"596410","Визначено як лікарня для госпіталізації","01984607","Комунальне некомерційне підприємство ""Міська клінічна лікарня № 2"" Дніпровської міської ради""","49064, Дніпропетровська обл., місто Дніпро, проспект Сергія Нігояна, 53","Дніпропетровська","15.03.2021 0:00:00","642","15.03.2021 10:26:58","0","0","0","0","0","0","0","0","0","0","0","0","0","0","0","0","0","0","0","0","0","0","0","0","0","0","0","0","0","1","0","0","0","0","2","6","0","0","0","7","0","842","0","110","5","972","0","300","60","0","0","0","0","35","0","1180","60","171","1","0","0","0","0","616","0","0","0","4","1","1","","","","","","","","","","","","","","","","","","","","","","","","","","",""
"596286","Визначено як лікарня для госпіталізації","01984613","Комунальне некомерційне підприємство ""Мiська клiнiчна лiкарня № 9"" Дніпровської міської ради""","49023,Дніпропетровська обл., місто Дніпро, проспект Мануйлівський, будинок 29","Дніпропетровська","15.03.2021 0:00:00","643","15.03.2021 9:44:06","0","0","0","0","0","0","0","0","0","0","0","0","0","0","0","0","0","0","0","0","0","0","0","0","7","0","0","0","0","0","0","3","0","4","0","29","0","0","0","138","1","13430","35","3725","0","4352","24","61554","486","0","0","0","0","363","16","251214","1124","663","6","596","0","0","0","70","0","0","0","0","1","1","","","","","","","","","","","","","","","","","","","","","","","","","","",""
"596564","Визначено як лікарня для госпіталізації","01984174","Комунальне некомерційне підприємство ""Павлоградська лікарня інтенсивного лікування"" Павлоградської міської ради""","вул. Дніпровська, буд.541","Дніпропетровська","15.03.2021 0:00:00","651","15.03.2021 11:34:38","0","0","0","0","0","0","0","0","0","0","0","0","0","0","0","0","0","0","0","0","0","0","0","0","2","0","0","0","0","28","0","0","0","2","0","31","0","0","1","135","1","49","2","5070","121","5473","29","73346","870","0","0","603","0","357","0","34308","858","402","0","446","10","0","0","532","12","0","0","0","1","1","","","","","","","","","","","","","","","","","","","","","","","","","","",""
"596392","Визначено як лікарня для госпіталізації","05493065","КОМУНАЛЬНЕ НЕКОМЕРЦІЙНЕ ПІДПРИЄМСТВО ""АВДІЇВСЬКА ЦЕНТРАЛЬНА МІСЬКА ЛІКАРНЯ""","86065, Донецька область, м.Авдіївка, вул.Комунальна,16","Донецька","15.03.2021 0:00:00","663","15.03.2021 10:23:12","0","0","0","0","0","0","0","0","0","0","0","0","0","0","0","0","0","0","0","0","0","0","0","0","2","0","0","0","0","3","0","0","0","1","1","7","0","0","0","39","0","404","1","5448","2","820","0","5300","10","0","0","110","0","440","0","16120","30","194","1","54","1","0","0","233","0","0","0","0","1","0","","","","","","","","","","","","","","","","","","","","","","","","","","",""
"596004","Визначено як лікарня для госпіталізації","01112341","КОМУНАЛЬНЕ НЕКОМЕРЦІЙНЕ ПІДПРИЄМСТВО ""ВОЛНОВАСЬКА ЛІКАРНЯ ПЛАНОВОГО ЛІКУВАННЯ ВОЛНОВАСЬКОЇ РАЙОННОЇ РАДИ""","85700, Донецька область, м.Волноваха, провулок Залізничний, 23","Донецька","15.03.2021 0:00:00","670","15.03.2021 8:19:06","0","0","0","0","0","0","0","0","0","0","0","0","0","0","0","0","0","0","0","0","0","0","0","0","1","0","0","0","0","0","0","0","0","0","0","6","0","0","0","24","0","94","0","605","5","136","0","4300","50","0","0","0","0","241","0","150","50","31","1","196","2","0","0","20","0","0","0","0","1","1","","","","","","","","","","","","","","","","","","","","","","","","","","",""
"596193","Визначено як лікарня для госпіталізації","01112422","КОМУНАЛЬНЕ НЕКОМЕРЦІЙНЕ ПІДПРИЄМСТВО ""ПОКРОВСЬКА МІСЬКА ЛІКАРНЯ"" ПОКРОВСЬКОЇ МІСЬКОЇ РАДИ ДОНЕЦЬКОЇ ОБЛАСТІ","85301 Донецька область м.Покровськ, вул.Степана Бовкуна, буд.20","Донецька","15.03.2021 0:00:00","672","15.03.2021 9:17:18","0","0","0","0","0","0","0","0","0","0","0","0","0","0","0","0","0","0","0","0","0","0","0","0","0","0","0","0","0","1","0","0","0","0","0","1","0","0","0","22","0","256","0","40","0","62","0","797","160","0","0","99","0","0","0","1383","0","159","1","117","6","0","0","174","0","0","0","0","1","0","","","","","","","","","","","","","","","","","","","","","","","","","","",""
"596622","Визначено як лікарня для госпіталізації","01990855","КОМУНАЛЬНЕ НЕКОМЕРЦІЙНЕ ПІДПРИЄМСТВО ""МИРНОГРАДСЬКА ЦЕНТРАЛЬНА МІСЬКА ЛІКАРНЯ"" МИРНОГРАДСЬКОЇ МІСЬКОЇ РАДИ","85323, Донецька область, м.Мирноград, вул. Соборна, 20.","Донецька","15.03.2021 0:00:00","676","15.03.2021 12:03:54","0","0","0","0","0","0","0","0","0","0","0","0","0","0","0","0","0","0","0","0","0","0","0","0","0","0","0","0","0","4","0","0","0","0","0","4","0","0","0","51","0","1060","0","5347","0","287","0","6000","0","3050","0","0","0","131","0","6650","0","1181","0","1415","2","0","0","1410","0","0","0","0","1","0","","","","","","","","","","","","","","","","","","","","","","","","","","",""
"596703","Визначено як лікарня для госпіталізації","05492870","КОМУНАЛЬНЕ НЕКОМЕРЦІЙНЕ ПІДПРИЄМСТВО ""ДРУЖКІВСЬКА МІСЬКА ЛІКАРНЯ №2"" ДРУЖКІВСЬКОЇ МІСЬКОЇ РАДИ","84206 Донецька область, м.Дружківка, вул.Машинобудівників, 56","Донецька","15.03.2021 0:00:00","681","15.03.2021 15:04:54","0","0","0","0","0","0","0","0","0","0","0","0","0","0","0","0","0","0","0","0","0","0","0","0","1","0","0","0","0","0","0","0","0","0","0","5","0","0","0","14","0","1680","0","788","0","134","0","14200","30","45","0","0","0","418","0","990","0","9","0","948","6","0","0","0","0","0","0","0","1","1","","","","","","","","","","","","","","","","","","","","","","","","","","",""
"596120","Визначено як лікарня для госпіталізації","01989852","КОМУНАЛЬНЕ НЕКОМЕРЦІЙНЕ ПІДПРИЄМСТВО ""МАР'ЇНСЬКА ЦЕНТРАЛЬНА РАЙОННА ЛІКАРНЯ""","85630, Донецька обл., Мар'їнський район, місто Красногорівка,вул Нахімова, 1","Донецька","15.03.2021 0:00:00","682","15.03.2021 8:55:58","0","0","0","0","0","0","0","0","0","0","0","0","0","0","0","0","0","0","0","0","0","0","0","0","0","0","0","0","0","2","0","0","0","0","0","5","0","0","0","59","0","4880","10","2630","0","0","0","24900","100","500","0","0","0","1730","10","11600","100","297","5","492","9","6","0","0","0","0","0","0","1","1","","","","","","","","","","","","","","","","","","","","","","","","","","",""
"596195","Визначено як лікарня для госпіталізації","01991116","КОМУНАЛЬНЕ НЕКОМЕРЦІЙНЕ ПІДПРИЄМСТВО ""СЕЛИДІВСЬКА ЦЕНТРАЛЬНА МІСЬКА ЛІКАРНЯ СЕЛИДІВСЬКОЇ МІСЬКОЇ РАДИ""","85400, Донецька область, м.Селидове, вул. Московська, 43","Донецька","15.03.2021 0:00:00","692","15.03.2021 9:17:29","0","0","0","0","0","0","0","0","0","0","0","0","0","0","0","0","0","0","0","0","0","0","0","0","0","0","0","0","0","5","0","0","0","1","0","12","0","0","0","32","1","100","0","700","0","720","10","11700","100","125","0","0","0","120","0","4100","100","100","0","462","2","0","0","1000","0","0","0","0","1","1","","","","","","","","","","","","","","","","","","","","","","","","","","",""
"596053","Визначено як лікарня для госпіталізації","01990803","КОМУНАЛЬНЕ НЕКОМЕРЦІЙНЕ ПІДПРИЄМСТВО ""ДИТЯЧЕ ТЕРИТОРІАЛЬНЕ МЕДИЧНЕ ОБ'ЄДНАННЯ"" КРАМАТОРСЬКОЇ МІСЬКОЇ РАДИ","84333, Донецька область, м.Краматорськ, вул.Героїв України, 20","Донецька","15.03.2021 0:00:00","697","15.03.2021 8:33:16","0","0","0","0","0","0","0","0","0","0","0","0","0","0","0","0","0","0","0","0","0","0","0","0","0","0","0","0","0","0","0","3","0","0","0","3","0","0","0","20","1","0","0","4514","0","1392","0","33827","0","2200","0","0","0","1249","0","24800","0","741","0","0","0","0","0","0","0","0","0","0","1","1","","","","","","","","","","","","","","","","","","","","","","","","","","",""
"596471","Визначено як лікарня для госпіталізації","01990826","КОМУНАЛЬНЕ НЕКОМЕРЦІЙНЕ ПІДПРИЄМСТВО ""МІСЬКА ЛІКАРНЯ №1"" КРАМАТОРСЬКОЇ МІСЬКОЇ РАДИ","84307, Донецька обл., місто Краматорськ, вул. Олекси Тихого,  17","Донецька","15.03.2021 0:00:00","700","15.03.2021 10:51:41","0","0","0","0","0","0","0","0","0","0","0","0","0","0","0","0","0","0","0","0","0","0","0","0","5","0","0","0","0","0","0","0","0","0","1","33","0","0","0","33","0","510","0","5780","2","467","0","43410","90","0","0","362","0","0","0","1402","0","1548","1","960","2","0","0","1600","2","0","0","0","1","0","","","","","","","","","","","","","","","","","","","","","","","","","","",""
"596592","Визначено як лікарня для госпіталізації","01990795","КОМУНАЛЬНЕ НЕКОМЕРЦІЙНЕ ПІДПРИЄМСТВО ""МІСЬКА ЛІКАРНЯ № 2"" КРАМАТОРСЬКОЇ МІСЬКОЇ РАДИ","84306, Донецька обл., місто Краматорськ,  вул.  Дніпровська, 14","Донецька","15.03.2021 0:00:00","701","15.03.2021 11:49:05","0","0","0","0","0","0","0","0","0","0","0","0","0","0","0","0","0","0","0","0","0","0","0","0","0","0","0","0","0","0","0","0","0","0","0","0","0","0","0","12","0","100","0","1340","0","124","0","7810","0","1018","0","0","0","74","0","100","0","1","0","1626","1","0","0","0","0","0","0","0","1","0","","","","","","","","","","","","","","","","","","","","","","","","","","",""
"596133","Визначено як лікарня для госпіталізації","05492858","КОМУНАЛЬНЕ НЕКОМЕРЦІЙНЕ ПІДПРИЄМСТВО ""ЛІКУВАЛЬНО-ПРОФІЛАКТИЧНА УСТАНОВА ЦЕНТРАЛЬНА МІСЬКА ЛІКАРНЯ ВУГЛЕДАРСЬКОЇ МІСЬКОЇ РАДИ""","85670, Донецька область, м.Вугледар, вул. Молодіжна, 19","Донецька","15.03.2021 0:00:00","711","15.03.2021 8:59:17","0","0","0","0","0","0","0","0","0","0","0","0","0","0","0","0","0","0","0","0","0","0","0","0","0","0","0","0","0","1","0","0","0","0","0","0","0","0","0","13","0","317","10","695","5","14","0","400","0","0","0","0","0","9","0","10","0","66","0","140","0","0","0","0","0","0","0","0","1","1","","","","","","","","","","","","","","","","","","","","","","","","","","",""
"596302","Визначено як лікарня для госпіталізації","01990683","КОМУНАЛЬНЕ НЕКОМЕРЦІЙНЕ ПІДПРИЄМСТВО МАРІУПОЛЬСЬКОЇ МІСЬКОЇ РАДИ ""МАРІУПОЛЬСЬКА МІСЬКА ЛІКАРНЯ № 1"" ","87504, Донецька область, м. Маріуполь, вул. Радіна 2","Донецька","15.03.2021 0:00:00","712","15.03.2021 9:48:47","0","0","0","0","0","0","0","0","0","0","0","0","0","0","0","0","0","0","0","0","0","0","0","0","3","0","2","0","0","12","2","0","0","0","0","6","0","0","1","25","1","5340","20","11960","20","0","0","42000","100","0","0","0","0","800","0","10000","50","17","0","53","0","0","0","413","4","0","0","0","1","1","","","","","","","","","","","","","","","","","","","","","","","","","","",""
"596064","Визначено як лікарня для госпіталізації","01990619","КНП МАРІУПОЛЬСЬКОЇ МІСЬКОЇ РАДИ ""МАРІУПОЛЬСЬКИЙ МІСЬКИЙ ПОЛОГОВИЙ БУДИНОК""","87502, Донецька область, м.Маріуполь, вул. Пашковського, 36","Донецька","15.03.2021 0:00:00","713","15.03.2021 8:36:59","0","0","0","0","0","0","0","0","0","0","0","0","0","0","0","0","0","0","0","0","0","0","0","0","2","0","0","0","0","0","0","1","0","0","0","11","0","0","0","68","0","800","0","652","6","340","0","200630","125","900","0","0","0","338","4","2490","80","62","2","3221","6","0","0","8","0","0","0","1","1","1","","","","","","","","","","","","","","","","","","","","","","","","","","",""
"596107","Визначено як лікарня для госпіталізації","01991197","КОМУНАЛЬНЕ НЕКОМЕРЦІЙНЕ ПІДПРИЄМСТВО СЛОВ'ЯНСЬКОЇ МІСЬКОЇ РАДИ ""МІСЬКА КЛІНИЧНА ЛІКАРНЯ М. СЛОВ'ЯНСЬКА""","84100, Донецька область, м.Слов’янськ вул. Шевченко, 40","Донецька","15.03.2021 0:00:00","714","15.03.2021 8:51:23","0","0","0","0","0","0","0","0","0","0","0","0","0","0","0","0","0","0","0","0","0","0","0","0","6","0","0","0","0","5","0","2","0","0","0","22","0","0","0","105","0","11450","0","9710","0","1250","0","73672","100","0","0","0","0","589","0","43500","100","1822","7","0","0","0","0","2916","0","0","0","14","1","0","","","","","","","","","","","","","","","","","","","","","","","","","","",""
"596231","Визначено як лікарня для госпіталізації","01990462","КОМУНАЛЬНЕ НЕКОМЕРЦІЙНЕ ПІДПРИЄМСТВО ''ЦЕНТРАЛЬНА МІСЬКА КЛІНІЧНА ЛІКАРНЯ'' ДРУЖКІВСЬКОЇ МІСЬКОЇ РАДИ","84205 Донецька область, м.Дружківка, вул.Короленка,12","Донецька","15.03.2021 0:00:00","715","15.03.2021 9:26:02","0","0","0","0","0","0","0","0","0","0","0","0","0","0","0","0","0","0","0","0","0","0","0","0","0","0","0","0","0","5","0","1","0","0","1","13","0","0","0","36","1","1560","20","1245","0","327","0","21660","400","0","0","67","0","46","0","100","0","113","0","55","4","0","0","3301","6","0","0","0","1","1","","","","","","","","","","","","","","","","","","","","","","","","","","",""
"596017","Визначено як лікарня для госпіталізації","05492930","КОМУНАЛЬНЕ НЕКОМЕРЦІЙНЕ ПІДПРИЄМСТВО МАРІУПОЛЬСЬКОЇ МІСЬКОЇ РАДИ ""МАРІУПОЛЬСЬКЕ ТЕРИТОРІАЛЬНЕ МЕДИЧНЕ ОБ'ЄДНАННЯ ЗДОРОВ'Я ДИТИНИ ТА ЖІНКИ""","87500, Донецька область, м.Маріуполь, Миру, 80","Донецька","15.03.2021 0:00:00","718","15.03.2021 8:25:16","0","0","0","0","0","0","0","0","0","0","0","0","0","0","0","0","0","0","0","0","0","0","0","0","0","0","0","0","0","7","0","0","0","0","0","16","0","0","0","10","1","2492","4","175","0","180","0","81700","300","1500","500","140","0","45","0","4880","20","61","3","515","9","0","0","6","0","0","0","0","1","1","","","","","","","","","","","","","","","","","","","","","","","","","","",""
"596704","Визначено як лікарня для госпіталізації","01990179","КОМУНАЛЬНЕ НЕКОМЕРЦІЙНЕ ПІДПРИЄМСТВО ""ЧАСОВОЯРСЬКА МІСЬКА ЛІКАРНЯ ПЛАНОВОГО ЛІКУВАННЯ БАХМУТСЬКОЇ РАЙОННОЇ РАДИ""","84551, Донецька область, м. Часів Яр, вул. Пірогова, 3","Донецька","15.03.2021 0:00:00","722","15.03.2021 15:29:27","0","0","0","0","0","0","0","0","0","0","0","0","0","0","0","0","0","0","0","0","0","0","0","0","0","0","0","0","0","3","0","0","0","0","0","4","0","0","0","19","1","100","0","200","0","200","0","4000","0","0","0","0","0","0","0","2000","0","0","0","70","0","0","0","1486","0","0","0","0","1","1","","","","","","","","","","","","","","","","","","","","","","","","","","",""
"596029","Визначено як лікарня для госпіталізації","01989839","КОМУНАЛЬНЕ НЕКОМЕРЦІЙНЕ ПІДПРИЄМСТВО ""ЛИМАНСЬКА ЦЕНТРАЛЬНА РАЙОННА ЛІКАРНЯ""","84400, Донецька область, м.Лиман, вул.Незалежності, буд.64","Донецька","15.03.2021 0:00:00","727","15.03.2021 8:29:10","0","0","0","0","0","0","0","0","0","0","0","0","0","0","0","0","0","0","0","0","0","0","0","0","2","0","0","0","0","0","0","0","0","0","0","4","0","0","0","44","0","2000","0","3037","0","1956","0","39660","0","0","0","0","0","72","0","8997","0","32","0","453","0","0","0","334","0","0","0","0","1","1","","","","","","","","","","","","","","","","","","","","","","","","","","",""
"596399","Визначено як лікарня для госпіталізації","01991168","КОМУНАЛЬНЕ НЕКОМЕРЦІЙНЕ ПІДПРИЄМСТВО ""ОБЛАСНА ДИТЯЧА ЛІКАРНЯ М.СЛОВ'ЯНСЬК""","84122 Донецька область, м.Слов’янськ, вул. Ярослава Мудрого, 12","Донецька","15.03.2021 0:00:00","728","15.03.2021 10:24:22","0","0","0","0","0","0","0","0","0","0","0","0","0","0","0","0","0","0","0","0","0","0","0","0","2","0","0","0","0","4","0","2","0","2","1","8","0","0","0","20","0","1339","11","113","0","1188","5","4595","505","0","0","0","0","285","8","324","171","3670","2","332","6","0","0","16","0","0","0","2","1","0","","","","","","","","","","","","","","","","","","","","","","","","","","",""
"596623","Визначено як лікарня для госпіталізації","01991139","КОМУНАЛЬНЕ НЕКОМЕРЦІЙНЕ ПІДПРИЄМСТВО СЛОВ'ЯНСЬКОЇ МІСЬКОЇ РАДИ ""МІСЬКА ЛІКАРНЯ  № 1 М. СЛОВ'ЯНСЬКА""","84100, Донецька область, м.Слов’янськ, вул. Банківська, 85","Донецька","15.03.2021 0:00:00","729","15.03.2021 12:04:37","0","0","0","0","0","0","0","0","0","0","0","0","0","0","0","0","0","0","0","0","0","0","0","0","0","0","0","0","0","2","0","0","0","0","0","14","0","0","0","30","0","1401","10","3906","0","3010","2","11558","10","962","0","0","0","447","0","3729","1","326","2","0","0","0","0","620","0","0","0","0","0","0","","","","","","","","","","","","","","","","","","","","","","","","","","",""
"596508","Визначено як лікарня для госпіталізації","01991180","КОМУНАЛЬНЕ НЕКОМЕРЦІЙНЕ ПІДПРИЄМСТВО ""СЛОВ'ЯНСЬКА ЦЕНТРАЛЬНА РАЙОННА ЛІКАРНЯ""","4182, Донецька обл., Слов'янський район, місто Миколаївка, вул Миру, 13","Донецька","15.03.2021 0:00:00","735","15.03.2021 11:06:42","0","0","0","0","0","0","0","0","0","0","0","0","0","0","0","0","0","0","0","0","0","0","0","0","2","0","0","0","0","3","0","0","0","0","0","3","0","0","0","28","0","2068","29","1091","6","893","5","20664","56","0","0","6827","7","0","0","672","0","100","0","266","93","0","0","880","12","0","0","0","1","1","","","","","","","","","","","","","","","","","","","","","","","","","","",""
"596237","Визначено як лікарня для госпіталізації","01990884","КОМУНАЛЬНЕ НЕКОМЕРЦІЙНЕ ПІДПРИЄМСТВО ""ПОКРОВСЬКА КЛІНІЧНА ЛІКАРНЯ ІНТЕНСИВНОГО ЛІКУВАННЯ"" ПОКРОВСЬКОЇ МІСЬКОЇ РАДИ ДОНЕЦЬКОЇ ОБЛАСТІ","85300, Донецька область, м.Покровськ, вул.Руднева, буд. 73","Донецька","15.03.2021 0:00:00","743","15.03.2021 9:27:11","0","0","0","0","0","0","0","0","0","0","0","0","0","0","0","0","0","0","0","0","0","0","0","0","8","0","0","0","0","0","0","0","0","0","0","8","0","0","0","54","1","4390","0","1970","0","0","0","37500","0","0","0","0","0","267","0","6000","0","140","0","464","7","0","0","490","0","0","0","0","1","1","","","","","","","","","","","","","","","","","","","","","","","","","","",""
"596078","Визначено як лікарня для госпіталізації","05493094","КОМУНАЛЬНЕ НЕКОМЕРЦІЙНЕ ПІДПРИЄМСТВО ""КУРАХІВСЬКА МІСЬКА ЛІКАРНЯ""","85612, Донецька область, Марїнський район, м.Курахове, вул.Мечнікова 14","Донецька","15.03.2021 0:00:00","744","15.03.2021 8:44:36","0","0","0","0","0","0","0","0","0","0","0","0","0","0","0","0","0","0","0","0","0","0","0","0","3","2","0","0","2","1","0","0","0","1","0","4","0","0","0","40","0","3448","10","667","0","165","0","21825","0","0","0","169","0","0","0","5500","0","168","0","220","23","0","0","4705","0","0","0","0","1","1","","","","","","","","","","","","","","","","","","","","","","","","","","",""
"596007","Визначено як лікарня для госпіталізації","01989881","КОМУНАЛЬНЕ НЕКОМЕРЦІЙНЕ ПІДПРИЄМСТВО ""МАНГУШСЬКА ЦЕНТРАЛЬНА РАЙОННА ЛІКАРНЯ""","87400, Донецька область, Мангушський район, смт.Мангуш вул. Поштова 22","Донецька","15.03.2021 0:00:00","749","15.03.2021 8:20:44","0","0","0","0","0","0","0","0","0","0","0","0","0","0","0","0","0","0","0","0","0","0","0","0","0","0","0","0","0","0","0","0","0","0","0","3","0","0","0","28","0","80","0","280","0","150","0","1050","0","0","0","0","0","139","0","880","0","37","0","0","0","0","0","80","0","0","0","0","1","0","","","","","","","","","","","","","","","","","","","","","","","","","","",""
"596079","Визначено як лікарня для госпіталізації","02006805","КОМУНАЛЬНЕ НЕКОМЕРЦІЙНЕ ПІДПРИЄМСТВО ""СІВЕРСЬКА БАГАТОПРОФІЛЬНА ЛІКАРНЯ ПЛАНОВОГО ЛІКУВАННЯ БАХМУТСЬКОЇ РАЙОННОЇ РАДИ""","84523, Донецька область, Бахмутський район м.Сіверськ, вулиця Північна, 2","Донецька","15.03.2021 0:00:00","751","15.03.2021 8:44:39","0","0","0","0","0","0","0","0","0","0","0","0","0","0","0","0","0","0","0","0","0","0","0","0","0","0","0","0","0","1","0","0","0","0","0","0","0","0","0","7","0","75","0","404","0","8","0","897","0","0","0","0","0","18","0","0","3","23","0","547","0","0","0","0","0","0","0","0","1","1","","","","","","","","","","","","","","","","","","","","","","","","","","",""
"596254","Визначено як лікарня для госпіталізації","01989774","КОМУНАЛЬНЕ НЕКОМЕРЦІЙНЕ ПІДПРИЄМСТВО ""ЦЕНТРАЛЬНА РАЙОННА ЛІКАРНЯ НІКОЛЬСЬКОГО РАЙОНУ""","87000, Донецька область, Нікольський район, смт.Нікольське, вул.Свободи,буд.1","Донецька","15.03.2021 0:00:00","755","15.03.2021 9:32:10","0","0","0","0","0","0","0","0","0","0","0","0","0","0","0","0","0","0","0","0","0","0","0","0","0","0","0","0","0","1","0","0","0","0","0","0","0","0","0","41","0","50","0","550","0","200","0","960","20","400","0","0","0","123","0","2740","20","155","1","845","6","0","0","0","0","0","0","0","1","0","","","","","","","","","","","","","","","","","","","","","","","","","","",""
"596329","Визначено як лікарня для госпіталізації","01991547","КНП «Андрушівська центральна районна лікарня» Андрушівської районної ради.","13001, смт Романів,","Житомирська","15.03.2021 0:00:00","757","15.03.2021 9:57:18","0","0","0","0","0","0","0","0","0","0","0","0","0","0","0","0","0","0","0","0","0","0","0","0","0","0","0","0","0","6","0","0","0","0","0","0","0","0","0","15","0","1080","30","1200","0","470","30","9900","100","0","0","0","0","18","0","64700","200","330","5","367","8","0","0","7720","40","0","0","0","1","1","","","","","","","","","","","","","","","","","","","","","","","","","","",""
"596417","Визначено як лікарня для госпіталізації","01991576","КНП «Баранівська центральна районна лікарня» Баранівської міської ради","вул. Святослава Ріхтера, 23","Житомирська","15.03.2021 0:00:00","758","15.03.2021 10:30:30","0","0","0","0","0","0","0","0","0","0","0","0","0","0","0","0","0","0","0","0","0","0","0","0","0","0","0","0","0","3","0","1","0","0","1","5","0","0","0","9","0","892","30","1033","2","763","10","7005","97","0","0","0","0","426","1","2784","74","116","1","1131","7","0","0","961","7","0","0","0","1","1","","","","","","","","","","","","","","","","","","","","","","","","","","",""
"596370","Визначено як лікарня для госпіталізації","01991607","КНП «Хорошівська центральна районна лікарня» Хорошівської районної ради","вул. Івана Франка, 42","Житомирська","15.03.2021 0:00:00","763","15.03.2021 10:13:41","0","0","0","0","0","0","0","0","0","0","0","0","0","0","0","0","0","0","0","0","0","0","0","0","1","1","0","0","1","3","0","1","0","1","0","8","0","0","0","21","0","601","10","542","2","536","10","13600","200","0","0","0","0","138","0","29800","300","12","1","705","10","0","0","582","0","0","0","0","1","1","","","","","","","","","","","","","","","","","","","","","","","","","","",""
"596682","Визначено як лікарня для госпіталізації","01991406","КНП ""Обласна клінічна лікарня ім.О.Ф.Гербачевського"" Житомирської обласної ради","м.Житомир, вул.Червоного Хреста, 3","Житомирська","15.03.2021 0:00:00","767","15.03.2021 12:54:31","0","0","0","0","0","0","0","0","0","0","0","0","0","0","0","0","0","0","0","0","0","0","0","0","4","3","0","0","3","18","0","0","0","2","4","37","0","0","1","50","1","10954","341","2697","85","1848","139","58070","1259","0","0","0","0","868","14","29785","2036","2026","6","2175","6","2","0","42","2","0","0","0","1","1","","","","","","","","","","","","","","","","","","","","","","","","","","",""
"596306","Визначено як лікарня для госпіталізації","01991889","КНП «Попільнянська лікарня» Попільнянської районної ради","вул. Тітова, 34","Житомирська","15.03.2021 0:00:00","774","15.03.2021 9:49:25","0","0","0","0","0","0","0","0","0","0","0","0","0","0","0","0","0","0","0","0","0","0","0","0","1","0","0","0","0","3","0","0","0","1","0","5","0","0","0","4","0","838","7","397","0","541","0","8974","35","303","1","30","0","166","0","2561","29","4200","0","1158","28","0","0","0","0","0","0","0","1","1","","","","","","","","","","","","","","","","","","","","","","","","","","",""
"596364","Визначено як лікарня для госпіталізації","01991599","КНП «Центральна районна лікарня Бердичівського району»","13400, м. Андрушівка,","Житомирська","15.03.2021 0:00:00","775","15.03.2021 10:12:16","0","0","0","0","0","0","0","0","0","0","0","0","0","0","0","0","0","0","0","0","0","0","0","0","0","0","0","0","0","3","0","0","0","0","0","2","0","0","0","3","0","1668","2","430","0","579","0","18398","200","0","0","0","0","116","0","7000","26","96","0","854","15","0","0","338","0","0","0","0","1","1","","","","","","","","","","","","","","","","","","","","","","","","","","",""
"596505","Визначено як лікарня для госпіталізації","01991903","КНП «Радомишльська  лікарня» Радомишльської міської ради","12301, смт Черняхів,","Житомирська","15.03.2021 0:00:00","782","15.03.2021 11:04:02","0","0","0","0","0","0","0","0","0","0","0","0","0","0","0","0","0","0","0","0","0","0","0","0","0","0","0","0","0","4","0","0","0","1","0","2","0","0","0","10","0","2820","60","728","6","1006","4","7600","160","0","0","0","0","169","0","5400","160","138","1","872","8","0","0","350","50","0","0","0","1","1","","","","","","","","","","","","","","","","","","","","","","","","","","",""
"596610","Визначено як лікарня для госпіталізації","01991613","КНП «Романівська лікарня» Романівської районної ради","12700, м. Баранівка,","Житомирська","15.03.2021 0:00:00","783","15.03.2021 12:00:53","0","0","0","0","0","0","0","0","0","0","0","0","0","0","0","0","0","0","0","0","0","0","0","0","0","0","0","0","0","5","0","0","0","1","0","1","0","0","0","19","1","6428","30","499","2","553","2","25851","135","200","0","0","0","201","0","6140","102","140","1","907","18","0","0","138","6","0","0","0","1","1","","","","","","","","","","","","","","","","","","","","","","","","","","",""
"596265","Визначено як лікарня для госпіталізації","01991932","КНП «Районна центральна лікарня» Ружинської районної ради","вул. Медична, 2","Житомирська","15.03.2021 0:00:00","784","15.03.2021 9:34:09","0","0","0","0","0","0","0","0","0","0","0","0","0","0","0","0","0","0","0","0","0","0","0","0","0","0","0","0","0","4","0","0","0","0","1","4","0","0","0","14","0","326","0","385","0","547","0","14350","0","0","0","0","0","94","0","3100","0","100","0","737","0","0","0","100","0","0","0","0","1","1","","","","","","","","","","","","","","","","","","","","","","","","","","",""
"596345","Визначено як лікарня для госпіталізації","01991955","КНП «Черняхівське територіальне медичне об’єднання»  Черняхівської районної ради","вул. Звягельська, 66","Житомирська","15.03.2021 0:00:00","785","15.03.2021 10:05:05","0","0","0","0","0","0","0","0","0","0","0","0","0","0","0","0","0","0","0","0","0","0","0","0","0","0","1","0","0","4","1","1","0","0","0","14","0","0","0","26","1","394","33","1570","55","487","2","5331","177","0","0","0","0","159","0","1823","238","2","0","102","20","0","0","545","24","0","0","1","1","1","","","","","","","","","","","","","","","","","","","","","","","","","","",""
"596423","Визначено як лікарня для госпіталізації","01992529","КНП „Воловецька центральна районна лікарня Воловецької районної ради”","89100
Закарпатська область
смт.Воловець
вулиця Карпатська, 23","Закарпатська","15.03.2021 0:00:00","788","15.03.2021 10:35:16","0","0","0","0","0","0","0","0","0","0","0","0","0","0","0","0","0","0","0","0","0","0","0","0","2","0","0","0","0","2","0","2","0","0","0","4","0","0","0","49","1","608","10","1320","12","141","0","5400","100","0","0","106","0","212","0","8600","100","89","1","1340","0","0","0","935","0","0","0","4","1","1","","","","","","","","","","","","","","","","","","","","","","","","","","",""
"596584","Визначено як лікарня для госпіталізації","01992624","КНП „Рахівська районна лікарня” Рахівської районної ради","90600
Закарпатська область
м.Рахів
вулиця Карпатська, 1","Закарпатська","15.03.2021 0:00:00","795","15.03.2021 11:44:13","0","0","0","0","0","0","0","0","0","0","0","0","0","0","0","0","0","0","0","0","0","0","0","0","0","0","0","0","0","10","0","1","0","1","3","5","0","0","0","90","1","624","7","721","3","340","0","12500","500","0","0","0","0","922","2","18300","500","356","4","892","10","0","0","1124","0","0","0","1","1","1","","","","","","","","","","","","","","","","","","","","","","","","","","",""
"596397","Визначено як лікарня для госпіталізації","01992653","КНП „Свалявська районна лікарня” Свалявської районної ради Закарпатської області","Закарпатська область, 
м. Свалява, 
вул. Визволення, 23","Закарпатська","15.03.2021 0:00:00","796","15.03.2021 10:23:54","0","0","0","0","0","0","0","0","0","0","0","0","0","0","0","0","0","0","0","0","0","0","0","0","0","0","0","0","0","0","0","0","0","0","0","4","0","0","0","58","1","0","0","2036","0","616","0","12940","0","1600","0","0","0","891","0","0","0","211","0","1023","0","0","0","4200","0","0","0","2","1","1","","","","","","","","","","","","","","","","","","","","","","","","","","",""
"596449","Визначено як лікарня для госпіталізації","43221703","КОМУНАЛЬНЕ НЕКОМЕРЦІЙНЕ ПІДПРИЄМСТВО""ХУСТСЬКА ЦЕНТРАЛЬНА РАЙОННА ЛІКАРНЯ ІМЕНІ ВІЦИНСЬКОГО ОСТАПА ПЕТРОВИЧА""ХУСТСЬКОЇ РАЙОННОЇ РАДИ ЗАКАРПАТСЬКОЇ ОБЛАСТІ","Хустський район, селище миського типу Вишково, ПЛОЩА ЦЕНТРАЛЬНА, будинок 17","Закарпатська","15.03.2021 0:00:00","797","15.03.2021 10:45:25","0","0","0","0","0","0","0","0","0","0","0","0","0","0","0","0","0","0","0","0","0","0","0","0","2","0","0","0","0","5","0","0","0","0","0","15","0","0","0","83","0","2","0","2130","330","40","15","3250","100","0","0","0","0","49","0","400","200","100","5","311","27","0","0","861","0","0","0","0","1","1","","","","","","","","","","","","","","","","","","","","","","","","","","",""
"596003","Визначено як лікарня для госпіталізації","01992854","КНП «Кам’янсько-Дніпровська центральна районна лікарня» Кам'янсько-Дніпровської районної ради","м.Кам’янка-Дніпровська вул.Набережна, 130 71304","Запорізька","15.03.2021 0:00:00","802","15.03.2021 8:19:03","0","0","0","0","0","0","0","0","0","0","0","0","0","0","0","0","0","0","0","0","0","0","0","0","0","0","0","0","0","5","0","1","0","1","1","5","0","0","0","37","0","484","12","2157","3","287","3","8490","40","215","0","0","0","162","0","1230","10","40","1","3014","20","0","0","52","0","0","0","0","1","0","","","","","","","","","","","","","","","","","","","","","","","","","","",""
"596153","Визначено як лікарня для госпіталізації","01993049","КНП «Андріївська центральна районна лікарня» Бердянської районної ради","71140 смт.Андріївка, вул.Праці,43, Бердянський район, Запорізька область","Запорізька","15.03.2021 0:00:00","803","15.03.2021 9:05:20","0","0","0","0","0","0","0","0","0","0","0","0","0","0","0","0","0","0","0","0","0","0","0","0","0","0","0","0","0","2","0","0","0","0","0","1","0","0","0","4","0","29","0","0","0","3","0","1768","0","0","0","19","0","0","0","0","0","80","0","3788","4","0","0","83","0","0","0","0","1","1","","","","","","","","","","","","","","","","","","","","","","","","","","",""
"595944","Визначено як лікарня для госпіталізації","01992937","КНП ""Гуляйпільська центральна районна лікарня"" Гуляйпільської районної ради","70202 вул. Соборна,107Б, м. Гуляйполе, Гуляйпільський р-н, Запорізька обл","Запорізька","15.03.2021 0:00:00","806","15.03.2021 7:16:47","0","0","0","0","0","0","0","0","0","0","0","0","0","0","0","0","0","0","0","0","0","0","0","0","0","0","0","0","0","4","0","0","0","0","0","1","0","0","0","9","1","10","0","10","0","60","0","750","30","80","0","0","0","80","0","0","0","10","1","81","1","0","0","0","0","0","0","0","1","1","","","","","","","","","","","","","","","","","","","","","","","","","","",""
"596443","Визначено як лікарня для госпіталізації","05498708","КНП "" Міська  лікарня № 10"" ЗМР","бул. Шевченка, 25, м. Запоріжжя, 69126","Запорізька","15.03.2021 0:00:00","807","15.03.2021 10:42:25","0","0","0","0","0","0","0","0","0","0","0","0","0","0","0","0","0","0","0","0","0","0","0","0","0","0","0","0","0","2","0","0","0","0","0","2","0","0","1","8","0","85","1","2391","3","162","3","29296","47","0","0","0","0","40","0","11280","6","128","0","219","3","0","0","10","0","0","0","1","0","0","","","","","","","","","","","","","","","","","","","","","","","","","","",""
"596123","Визначено як лікарня для госпіталізації","05498737","КНП ""Запорізька обласна клінічна дитяча лікарня"" ЗОР","69063,м.Запоріжжя, пр.Соборний,70","Запорізька","15.03.2021 0:00:00","808","15.03.2021 8:56:44","0","0","0","0","0","0","0","0","0","0","0","0","0","0","0","0","0","0","0","0","0","0","0","0","0","0","0","0","0","0","0","0","0","0","0","0","0","0","0","0","1","0","0","480","0","201","0","14000","200","2408","0","0","0","185","0","7300","0","376","1","1611","4","0","0","11","1","0","0","0","1","1","","","","","","","","","","","","","","","","","","","","","","","","","","",""
"596330","Визначено як лікарня для госпіталізації","02006716","КНП ""Запорізька обласна клінічна лікарня"" ЗОР","69600, м. Запоріжжя, Оріхівське шосе, 10","Запорізька","15.03.2021 0:00:00","809","15.03.2021 9:57:35","0","0","0","0","0","0","0","0","0","0","0","0","0","0","0","0","0","0","0","0","0","0","0","0","10","0","0","0","3","34","0","1","0","3","1","55","0","0","1","8","1","470","0","800","0","0","0","118350","0","0","0","35","0","337","0","1850","200","5320","5","4434","18","0","0","0","0","0","0","0","1","1","","","","","","","","","","","","","","","","","","","","","","","","","","",""
"596039","Визначено як лікарня для госпіталізації","05498677","КНП «Міська  лікарня екстреної та швидкої медичної допомоги» ЗМР","вул.Перемоги, 80, м. Запоріжжя, 69005","Запорізька","15.03.2021 0:00:00","816","15.03.2021 8:31:13","0","0","0","0","0","0","0","0","0","0","0","0","0","0","0","0","0","0","0","0","0","0","0","0","29","0","0","0","0","21","0","0","0","0","4","50","0","0","1","1","1","50","0","500","0","50","0","42250","0","0","0","0","0","120","0","2320","1180","0","0","231","6","0","0","225","6","0","0","0","1","1","","","","","","","","","","","","","","","","","","","","","","","","","","",""
"596124","Визначено як лікарня для госпіталізації","05395724","КНП ""Пологовий будинок №9"" ЗМР","м.Запоріжжя 69076 вул.Новгородська, 28","Запорізька","15.03.2021 0:00:00","821","15.03.2021 8:56:45","0","0","0","0","0","0","0","0","0","0","0","0","0","0","0","0","0","0","0","0","0","0","0","0","0","0","0","0","0","1","0","0","0","0","0","1","0","0","0","0","0","56","0","1140","0","102","0","720","0","0","0","0","0","55","0","940","0","18","0","122","1","0","0","0","0","0","0","0","0","1","","","","","","","","","","","","","","","","","","","","","","","","","","",""
"596403","Визначено як лікарня для госпіталізації","01992943","КНП  «Приазовська центральна районна лікарня» ПРРЗО","72401, Запорізька обл., Приазовський район, смт.Приазовське, вул. Покровська, буд. 33","Запорізька","15.03.2021 0:00:00","822","15.03.2021 10:25:27","0","0","0","0","0","0","0","0","0","0","0","0","0","0","0","0","0","0","0","0","0","0","0","0","0","0","0","0","0","3","0","1","0","0","2","6","0","0","0","6","0","1679","0","340","0","353","0","8803","150","549","0","0","0","54","0","2658","0","120","0","3048","0","0","0","0","0","0","0","0","1","1","","","","","","","","","","","","","","","","","","","","","","","","","","",""
"596059","Визначено як лікарня для госпіталізації","05498660","КНП ""Міська  лікарня №4"" ЗМР","вул. Оптимістична 1, м. Запоріжжя 69106","Запорізька","15.03.2021 0:00:00","824","15.03.2021 8:34:59","0","0","0","0","0","0","0","0","0","0","0","0","0","0","0","0","0","0","0","0","0","0","0","0","1","0","0","0","0","0","0","0","0","0","0","3","0","0","0","30","0","599","0","1115","0","171","0","35810","0","10","0","0","0","76","0","1500","0","149","0","0","0","0","0","0","0","0","0","1","1","0","","","","","","","","","","","","","","","","","","","","","","","","","","",""
"596092","Визначено як лікарня для госпіталізації","01992883","КНП ""Михайлівська багатопрофільна лікарня"" Михайлівської районної ради","пров. Лікарняний, 3, смт. Михайлівка, Михайлівського району, Запорізької області, 72002","Запорізька","15.03.2021 0:00:00","826","15.03.2021 8:48:02","0","0","0","0","0","0","0","0","0","0","0","0","0","0","0","0","0","0","0","0","0","0","0","0","0","0","0","0","0","5","0","3","0","0","2","2","0","0","0","6","0","317","0","501","0","262","0","3127","0","0","0","0","0","97","0","1629","0","13","1","823","0","0","0","6","0","0","0","0","1","1","","","","","","","","","","","","","","","","","","","","","","","","","","",""
"597931","Визначено як лікарня для госпіталізації","05498654","КНП ""Міська  лікарня №3"" ЗМР","пр. Металургів, 9, м. Запоріжжя, 69032","Запорізька","15.03.2021 0:00:00","827","16.03.2021 8:57:17","0","0","0","0","0","0","0","0","0","0","0","0","0","0","0","0","0","0","0","0","0","0","0","0","4","0","0","0","0","0","0","0","0","0","1","0","0","0","0","2","0","50","0","787","10","120","0","7037","50","0","0","0","0","145","3","20928","54","5","0","85","1","0","0","0","0","0","0","0","1","1","","","","","","","","","","","","","","","","","","","","","","","","","","",""
"595987","Визначено як лікарня для госпіталізації","02006722","КНП «Запорізька центральна районна лікарня» Запорізької районної ради","Юридична адреса: вул. Центральна, буд. 46А, с. Миколай-Поле, Запорізький р-н, Запорізька обл., 70401Адреса для листування: вул. Лікарняна, буд.18, м. Запоріжжя, 69089","Запорізька","15.03.2021 0:00:00","830","15.03.2021 8:09:10","0","0","0","0","0","0","0","0","0","0","0","0","0","0","0","0","0","0","0","0","0","0","0","0","0","0","0","0","0","3","0","0","0","0","0","6","0","0","0","8","1","0","1","44","1","17","0","14020","20","550","0","0","0","70","0","1530","15","25","0","728","1","0","0","331","0","0","0","0","1","1","","","","","","","","","","","","","","","","","","","","","","","","","","",""
"596207","Визначено як лікарня для госпіталізації","01992860","КНП ""Більмацька центральна районна лікарня"" Більмацької районної ради","смт Більмак, вул. Євтушенка, 1А","Запорізька","15.03.2021 0:00:00","831","15.03.2021 9:20:17","0","0","0","0","0","0","0","0","0","0","0","0","0","0","0","0","0","0","0","0","0","0","0","0","0","0","0","0","0","1","0","1","0","0","0","3","0","0","0","3","0","125","0","51","0","65","0","7950","50","0","0","0","0","60","0","2250","50","57","1","3759","6","0","0","107","0","0","0","0","1","1","","","","","","","","","","","","","","","","","","","","","","","","","","",""
"596503","Визначено як лікарня для госпіталізації","01992877","КНП ""Мелітопольська центральна районна лікарня"" МРР","вул. Кізіярська, 55, м.Мелітополь, 72318","Запорізька","15.03.2021 0:00:00","832","15.03.2021 11:02:37","0","0","0","0","0","0","0","0","0","0","0","0","0","0","0","0","0","0","0","0","0","0","0","0","2","0","0","0","0","3","0","1","0","2","0","7","0","0","1","2","0","250","0","720","0","370","0","20000","0","500","0","100","0","53","0","1000","0","20","0","0","0","0","0","10","0","0","0","0","1","1","","","","","","","","","","","","","","","","","","","","","","","","","","",""
"596560","Визначено як лікарня для госпіталізації","01993351","КНП «Богородчанська центральна районна  лікарня» Богородчанської районної ради Івано-Франківської області","77701, Івано-Франківська обл., Богородчанський район, селище міського типу Богородчани, ВУЛИЦЯ ШЕВЧЕНКА, будинок 35","Івано-Франківська","15.03.2021 0:00:00","833","15.03.2021 11:33:23","0","0","0","0","0","0","0","0","0","0","0","0","0","0","0","0","0","0","0","0","0","0","0","0","0","0","4","0","0","6","4","0","0","0","0","4","0","0","0","169","1","986","46","1794","51","2445","50","18655","170","5342","46","738","31","477","17","2768","414","285","27","441","0","351","4","702","8","0","0","0","1","1","","","","","","","","","","","","","","","","","","","","","","","","","","",""
"596660","Визначено як лікарня для госпіталізації","01993374","КНП ""Верховинська багатопрофільна лікарня"" Верховинської селищної ради","смт Верховина, вул. Невестюка,2","Івано-Франківська","15.03.2021 0:00:00","835","15.03.2021 12:31:16","0","0","0","0","0","0","0","0","0","0","0","0","0","0","0","0","0","0","0","0","0","0","0","0","1","0","0","0","0","4","0","0","0","0","0","2","0","0","0","17","0","45","0","556","0","0","0","14499","0","31","0","0","0","150","0","2470","0","19","1","227","3","0","0","0","0","0","0","0","1","1","","","","","","","","","","","","","","","","","","","","","","","","","","",""
"596691","Визначено як лікарня для госпіталізації","01993629","КНП ""Заболотівська районна лікарня""","78315, смт. Заболотів, вул. Б.Хмельницького,10","Івано-Франківська","15.03.2021 0:00:00","837","15.03.2021 12:59:50","0","0","0","0","0","0","0","0","0","0","0","0","0","0","0","0","0","0","0","0","0","0","0","0","1","0","0","0","0","0","0","0","0","2","1","1","0","0","0","7","0","24","0","92","0","10","0","17122","0","0","0","0","0","54","0","2492","0","44","0","865","0","0","0","500","0","0","0","0","0","1","","","","","","","","","","","","","","","","","","","","","","","","","","",""
"596672","Визначено як лікарня для госпіталізації","01993256","Івано-Франківська обласна дитяча клінічна лікарня","вул. Євгена Коновальця, 132","Івано-Франківська","15.03.2021 0:00:00","839","15.03.2021 12:47:46","0","0","0","0","0","0","0","0","0","0","0","0","0","0","0","0","0","0","0","0","0","0","0","0","1","0","1","0","0","1","1","4","1","2","2","6","0","0","0","10","1","0","0","1390","60","13","0","1195","320","0","25","0","0","232","50","1300","300","37","10","407","17","0","0","424","16","0","0","6","1","1","","","","","","","","","","","","","","","","","","","","","","","","","","",""
"596177","Визначено як лікарня для госпіталізації","01993581","КОМУНАЛЬНЕ НЕКОМЕРЦІЙНЕ МЕДИЧНЕ ПІДПРИЄМСТВО РОГАТИНСЬКА ЦЕНТРАЛЬНА РАЙОННА ЛІКАРНЯ","77000, Івано-Франківська обл., Рогатинський район, місто Рогатин, ВУЛ.ЧОРНОВОЛА, будинок 9","Івано-Франківська","15.03.2021 0:00:00","840","15.03.2021 9:12:04","0","0","0","0","0","0","0","0","0","0","0","0","0","0","0","0","0","0","0","0","0","0","0","0","0","0","0","0","0","4","0","0","0","0","0","6","0","0","1","19","0","59","0","1285","35","945","30","2200","100","735","0","79","0","48","0","0","0","93","1","674","4","0","0","0","0","0","0","0","1","1","","","","","","","","","","","","","","","","","","","","","","","","","","",""
"596412","Визначено як лікарня для госпіталізації","01993470","КНП ""ЛИСЕЦЬКА ЦЕНТРАЛЬНА РАЙОННА ЛІКАРНЯ"" ТИСМЕНИЦЬКОЇ РАЙОННОЇ РАДИ ІВАНО-ФРАНКІВСЬКОЇ ОБЛАСТІ","Україна, 77455, Івано-Франківська обл., Тисменицький р-н, селище міського типу Лисець, вул. Радчанська, будинок 10","Івано-Франківська","15.03.2021 0:00:00","841","15.03.2021 10:27:14","0","0","0","0","0","0","0","0","0","0","0","0","0","0","0","0","0","0","0","0","0","0","0","0","1","0","0","0","0","0","0","1","0","0","0","4","0","0","0","53","1","0","0","1075","30","518","20","17800","250","0","0","0","0","130","0","32250","300","80","3","1702","0","0","0","191","3","0","0","0","1","1","","","","","","","","","","","","","","","","","","","","","","","","","","",""
"596568","Визначено як лікарня для госпіталізації","01993279","КНП  ""МІСЬКА ДИТЯЧА КЛІНІЧНА ЛІКАРНЯ ІВАНО-ФРАНКІВСЬКОЇ МІСЬКОЇ РАДИ""","76018, Івано-Франківська обл., місто Івано-Франківськ, ВУЛИЦЯ ЧОРНОВОЛА, будинок 44","Івано-Франківська","15.03.2021 0:00:00","842","15.03.2021 11:37:20","0","0","0","0","0","0","0","0","0","0","0","0","0","0","0","0","0","0","0","0","0","0","0","0","0","0","0","0","0","0","0","4","0","0","0","4","0","0","0","9","0","545","0","0","0","160","0","15740","50","0","0","0","0","49","6","1170","50","25","1","197","2","0","0","609","4","0","0","0","0","1","","","","","","","","","","","","","","","","","","","","","","","","","","",""
"596511","Визначено як лікарня для госпіталізації","01993486","КОМУНАЛЬНЕ НЕКОМЕРЦІЙНЕ ПІДПРИЄМСТВО ""ТИСМЕНИЦЬКА МІСЬКА ЛІКАРНЯ"" ТИСМЕНИЦЬКОЇ РАЙОННОЇ РАДИ ІВАНО-ФРАНКІВСЬКОЇ ОБЛАСТІ","м. Тисмениця, вул. Костя Левицького, буд. 12","Івано-Франківська","15.03.2021 0:00:00","843","15.03.2021 11:07:21","0","0","0","0","0","0","0","0","0","0","0","0","0","0","0","0","0","0","0","0","0","0","0","0","0","0","0","0","0","5","0","0","0","1","0","6","0","0","0","17","0","755","0","5300","0","2397","0","8200","100","81","0","20","0","1025","0","15900","100","374","1","2583","17","0","0","1478","12","0","0","0","1","1","","","","","","","","","","","","","","","","","","","","","","","","","","",""
"596541","Визначено як лікарня для госпіталізації","01993405","КНП «Галицька лікарня» Галицької районної ради","77100 Івано-Франківська обл., Галицький р-н, м. Галич вул. Н. Вівчаренко буд. 36","Івано-Франківська","15.03.2021 0:00:00","845","15.03.2021 11:20:28","0","0","0","0","0","0","0","0","0","0","0","0","0","0","0","0","0","0","0","0","0","0","0","0","2","0","0","0","0","6","0","0","0","1","0","6","0","0","0","20","0","870","30","2183","0","3294","10","13100","100","30","0","0","0","260","0","2100","300","93","10","440","13","0","0","352","36","0","0","0","1","1","","","","","","","","","","","","","","","","","","","","","","","","","","",""
"596552","Визначено як лікарня для госпіталізації","01993150","КОМУНАЛЬНЕ НЕКОМЕРЦІЙНЕ ПІДПРИЄМСТВО ""ОБЛАСНА КЛІНІЧНА ЛІКАРНЯ ІВАНО-ФРАНКІВСЬКОЇ ОБЛАСНОЇ РАДИ""","Україна, 76008, Івано-Франківська обл., місто Івано-Франківськ, ВУЛИЦЯ ФЕДЬКОВИЧА, будинок 91","Івано-Франківська","15.03.2021 0:00:00","846","15.03.2021 11:26:24","0","0","0","0","0","0","0","0","0","0","0","0","0","0","0","0","0","0","0","0","0","0","0","0","4","1","0","0","1","7","0","1","0","0","0","12","0","0","1","60","1","25","20","4200","28","61","0","11884","1000","0","0","25","0","30","0","16722","2000","760","40","154","20","11","53","2023","53","0","0","0","1","1","","","","","","","","","","","","","","","","","","","","","","","","","","",""
"596259","Визначено як лікарня для госпіталізації","01993635","КНП Снятинської районної ради «Снятинська центральна районна лікарня»","78301, Івано-Франківська обл., Снятинський район, місто Снятин, ВУЛИЦЯ СТЕФАНИКА , будинок 2","Івано-Франківська","15.03.2021 0:00:00","851","15.03.2021 9:33:25","0","0","0","0","0","0","0","0","0","0","0","0","0","0","0","0","0","0","0","0","0","0","0","0","2","0","0","0","0","2","0","0","0","0","1","5","0","0","0","14","0","500","0","2200","80","1540","60","7880","120","0","0","300","16","200","60","5000","80","600","10","486","0","0","0","40","0","0","0","0","1","1","","","","","","","","","","","","","","","","","","","","","","","","","","",""
"596333","Визначено як лікарня для госпіталізації","01993368","КНП ""CОЛОТВИНСЬКА РАЙОННА ЛІКАРНЯ"" БОГОРОДЧАНСЬКОЇ РАЙОННОЇ РАДИ ІВАНО-ФРАНКІВСЬКОЇ ОБЛАСТІ","77753, Івано-Франківська обл., Богородчанський р-н, селище міського типу Солотвин, ВУЛИЦЯ ГРУШЕВСЬКОГО, будинок 20","Івано-Франківська","15.03.2021 0:00:00","852","15.03.2021 9:58:15","0","0","0","0","0","0","0","0","0","0","0","0","0","0","0","0","0","0","0","0","0","0","0","0","0","0","0","0","0","4","0","0","0","0","0","4","0","0","0","7","1","160","3","58","1","828","12","1464","55","280","0","0","0","140","0","2382","54","6","1","265","1","0","0","348","10","0","0","0","1","1","","","","","","","","","","","","","","","","","","","","","","","","","","",""
"596148","Визначено як лікарня для госпіталізації","01993658","Комунальне некомерційне підприємство «Тлумацька центральна районна лікарня» Тлумацької районної ради","78001, Івано-Франківська обл., Тлумацький район, м. Тлумач, вул. Винниченка, буд., 84","Івано-Франківська","15.03.2021 0:00:00","853","15.03.2021 9:03:29","0","0","0","0","0","0","0","0","0","0","0","0","0","0","0","0","0","0","0","0","0","0","0","0","1","0","0","0","0","3","0","0","0","0","1","4","0","0","0","11","0","717","0","690","10","670","20","1400","0","250","0","0","0","141","7","22000","0","160","0","276","2","0","0","0","0","0","0","1","1","1","","","","","","","","","","","","","","","","","","","","","","","","","","",""
"596658","Визначено як лікарня для госпіталізації","01993552","Яремчанська центральна міська лікарня","вул. Довбуша, буд. 5","Івано-Франківська","15.03.2021 0:00:00","854","15.03.2021 12:30:53","0","0","0","0","0","0","0","0","0","0","0","0","0","0","0","0","0","0","0","0","0","0","0","0","0","0","0","0","0","1","0","0","0","0","0","4","0","0","0","23","1","731","0","661","0","639","0","13000","0","0","0","0","0","253","0","2000","0","66","0","226","19","304","0","0","0","0","0","0","1","1","","","","","","","","","","","","","","","","","","","","","","","","","","",""
"596147","Визначено як лікарня для госпіталізації","01994379","Комунальне некомерційне підприємство «Баришівська центральна районна лікарня» Баришівської селищної ради Київської області","смт. Баришівка, вул. Київський шлях, 126","Київська","15.03.2021 0:00:00","855","15.03.2021 9:03:21","0","0","0","0","0","0","0","0","0","0","0","0","0","0","0","0","0","0","0","0","0","0","0","0","0","0","0","0","0","5","0","1","0","0","0","12","0","0","0","48","1","450","0","3420","0","760","0","28300","100","0","0","0","0","530","0","35800","100","155","0","100","0","0","0","720","0","0","0","0","1","1","","","","","","","","","","","","","","","","","","","","","","","","","","",""
"596137","Визначено як лікарня для госпіталізації","01994764","КНП Білоцерківської районної ради ""Білоцерківська центральна районна лікарня""","м. Біла Церква, вул. Тімірязєва, 6","Київська","15.03.2021 0:00:00","858","15.03.2021 9:00:25","0","0","0","0","0","0","0","0","0","0","0","0","0","0","0","0","0","0","0","0","0","0","0","0","3","1","3","0","3","2","3","0","0","0","0","6","0","0","0","34","0","300","0","1480","140","240","90","9370","130","0","0","0","0","165","0","5299","150","106","10","444","0","0","0","892","20","0","0","3","1","1","","","","","","","","","","","","","","","","","","","","","","","","","","",""
"596006","Визначено як лікарня для госпіталізації","01994126","КНП БРР ""Богуславська центральна района лікарня""","м.Богуслав, вул. Франка, будинок 27","Київська","15.03.2021 0:00:00","859","15.03.2021 8:19:59","0","0","0","0","0","0","0","0","0","0","0","0","0","0","0","0","0","0","0","0","0","0","0","0","1","0","0","0","0","4","0","1","0","0","0","3","0","0","0","34","0","287","0","2049","0","509","0","8350","0","250","0","0","0","65","0","1650","0","65","0","64","1","0","0","104","0","0","0","0","1","1","","","","","","","","","","","","","","","","","","","","","","","","","","",""
"596179","Визначено як лікарня для госпіталізації","01994132","КНП Бориспільської районної ради Київської області та Бориспільської міської ради Київської області ""Бориспільська багатопрофільна лікарня інтенсивного лікування""","м. Бориспіль, вул. Котляревського, 1","Київська","15.03.2021 0:00:00","860","15.03.2021 9:12:38","0","0","0","0","0","0","0","0","0","0","0","0","0","0","0","0","0","0","0","0","0","0","0","0","0","0","0","0","0","6","0","0","0","0","0","0","0","0","0","30","0","0","0","4050","10","720","10","9400","200","0","0","84","0","49","0","2800","0","503","1","143","15","0","0","908","30","0","0","0","1","1","","","","","","","","","","","","","","","","","","","","","","","","","","",""
"596074","Визначено як лікарня для госпіталізації","01994480","КНП БРР ""Бородянська центральна районна лікарня""","смт.Бородянка, вул.Семашка, 3","Київська","15.03.2021 0:00:00","861","15.03.2021 8:41:47","0","0","0","0","0","0","0","0","0","0","0","0","0","0","0","0","0","0","0","0","0","0","0","0","3","0","0","0","0","1","0","0","0","0","0","6","0","0","0","50","0","0","0","270","0","120","0","2500","700","0","0","0","0","110","0","1000","0","0","0","233","1","0","0","0","0","0","0","0","1","1","","","","","","","","","","","","","","","","","","","","","","","","","","",""
"596235","Визначено як лікарня для госпіталізації","01994416","Комунальне некомерційне підприємство Кагарлицької районної ради ""Кагарлицька центральна районна лікарня""","м. Кагарлик, вул. Паркова, 10","Київська","15.03.2021 0:00:00","870","15.03.2021 9:26:39","0","0","0","0","0","0","0","0","0","0","0","0","0","0","0","0","0","0","0","0","0","0","0","0","1","0","2","0","0","9","2","0","0","0","0","6","0","0","0","33","1","7420","10","1641","10","365","5","117730","100","1070","0","410","0","2100","0","4850","50","19","1","41","4","0","0","651","10","0","0","1","1","1","","","","","","","","","","","","","","","","","","","","","","","","","","",""
"596149","Визначено як лікарня для госпіталізації","01994161","Комунальне некомерційне підприємство «Переяслав-Хмельницька центральна районна лікарня» Переяслав-Хмельницької районної ради, сільських рад Переяслав-Хмельницького району та Переяслав-Хмельницької міської ради","м. Переяслав-Хмельницький, вул. Б. Хмельницького, 137","Київська","15.03.2021 0:00:00","872","15.03.2021 9:04:09","0","0","0","0","0","0","0","0","0","0","0","0","0","0","0","0","0","0","0","0","0","0","0","0","8","4","1","0","4","5","1","0","0","2","0","19","0","0","0","82","1","5193","19","630","50","1557","18","97000","300","3000","0","375","0","1026","0","21950","200","55","5","305","10","0","0","1900","0","0","0","0","1","1","","","","","","","","","","","","","","","","","","","","","","","","","","",""
"595992","Визначено як лікарня для госпіталізації","01994149","Комунальне некомерційне підприємство Миронівської районної ради «Миронівська центральна районна лікарня»","м. Миронівка, вул. Благовіщенська, 96","Київська","15.03.2021 0:00:00","873","15.03.2021 8:11:35","0","0","0","0","0","0","0","0","0","0","0","0","0","0","0","0","0","0","0","0","0","0","0","0","0","0","0","0","0","9","0","0","0","0","0","12","12","0","0","27","1","730","0","1092","0","234","0","39725","0","0","0","0","0","195","0","305","0","50","0","10","0","0","0","1000","0","0","0","0","1","1","","","","","","","","","","","","","","","","","","","","","","","","","","",""
"596085","Визначено як лікарня для госпіталізації","01994155","КНП ОРР ""Обухівська центральна районна лікарня""","м.Обухів, вул. Каштанова, 52","Київська","15.03.2021 0:00:00","874","15.03.2021 8:45:52","0","0","0","0","0","0","0","0","0","0","0","0","0","0","0","0","0","0","0","0","0","0","0","0","1","0","0","0","0","5","0","0","0","0","0","6","0","0","0","58","0","1700","0","1900","0","1300","0","58000","0","0","0","0","0","500","0","1500","0","50","0","0","0","0","0","1000","0","0","0","0","1","1","","","","","","","","","","","","","","","","","","","","","","","","","","",""
"596047","Визначено як лікарня для госпіталізації","01994184","КНП РРР ""Рокитянська центральна районна лікарня""","смт. Рокитне, вул. Вокзальна, 86","Київська","15.03.2021 0:00:00","876","15.03.2021 8:32:01","0","0","0","0","0","0","0","0","0","0","0","0","0","0","0","0","0","0","0","0","0","0","0","0","2","0","0","0","0","4","0","1","0","0","1","6","0","0","0","41","0","710","96","1800","100","500","100","400","400","0","0","0","0","246","100","9000","500","192","50","278","0","0","0","200","0","0","0","0","1","0","","","","","","","","","","","","","","","","","","","","","","","","","","",""
"596171","Визначено як лікарня для госпіталізації","01994391","КНП ""ВИШГОРОДСЬКА ЦЕНТРАЛЬНА РАЙОННА ЛІКАРНЯ"" ВИШГОРОДСЬКОЇ РАЙОННОЇ РАДИ","м. Вишгород, вул. Кургузова, будинок 1","Київська","15.03.2021 0:00:00","878","15.03.2021 9:10:04","0","0","0","0","0","0","0","0","0","0","0","0","0","0","0","0","0","0","0","0","0","0","0","0","0","0","0","0","0","5","0","0","0","0","0","4","0","0","0","45","1","0","0","1038","0","1227","113","7450","100","0","0","0","0","336","15","14650","50","32","8","0","0","0","0","176","0","0","0","0","1","1","","","","","","","","","","","","","","","","","","","","","","","","","","",""
"596117","Визначено як лікарня для госпіталізації","01994190","КНП СРР «Сквирська центральна районна лікарня»","м. Сквира, вул. Київська, буд.12","Київська","15.03.2021 0:00:00","886","15.03.2021 8:55:14","0","0","0","0","0","0","0","0","0","0","0","0","0","0","0","0","0","0","0","0","0","0","0","0","2","0","0","0","0","6","0","0","0","0","0","6","0","0","0","36","1","0","0","90","0","25","0","7070","230","0","0","0","0","90","0","100","0","7","0","98","0","0","0","355","12","0","0","0","1","1","","","","","","","","","","","","","","","","","","","","","","","","","","",""
"596118","Визначено як лікарня для госпіталізації","01994221","Комунальне підприємство «Комунальне некомерційне підприємство Тетіївська центральна районна лікарня»","м. Тетіїв, вул. Цвіткова, 26","Київська","15.03.2021 0:00:00","887","15.03.2021 8:55:28","0","0","0","0","0","0","0","0","0","0","0","0","0","0","0","0","0","0","0","0","0","0","0","0","0","0","0","0","0","3","0","0","0","0","0","6","0","0","0","42","1","712","0","860","0","555","0","8950","0","40","0","100","0","120","0","2970","0","20","0","500","0","0","0","730","0","0","0","0","1","0","","","","","","","","","","","","","","","","","","","","","","","","","","",""
"596069","Визначено як лікарня для госпіталізації","01111227","КНП ""Знам'янська міська лікарня ім. А.В.Лисенка"" Знам'янської міської ради","вул. Михайла Грушевського, 15, м. Знам'янка, Кіровоградська область, 27400","Кіровоградська","15.03.2021 0:00:00","893","15.03.2021 8:39:27","0","0","0","0","0","0","0","0","0","0","0","0","0","0","0","0","0","0","0","0","0","0","0","0","0","0","0","0","0","1","0","1","0","0","0","11","0","0","0","48","0","100","20","476","16","303","30","1901","200","195","0","56","2","11","0","3200","100","140","10","177","0","0","0","470","3","0","0","0","1","1","","","","","","","","","","","","","","","","","","","","","","","","","","",""
"596041","Визначено як лікарня для госпіталізації","01995120","Комунальне некомерційне підприємство Кропивницької районної ради ""Кропивницька центральна районна лікарня""","м.Кропивницький, вул.Олега Паршутіна, 5","Кіровоградська","15.03.2021 0:00:00","898","15.03.2021 8:31:19","0","0","0","0","0","0","0","0","0","0","0","0","0","0","0","0","0","0","0","0","0","0","0","0","0","0","0","0","0","2","0","0","0","0","0","2","0","0","0","76","0","282","8","1634","16","8","6","17400","250","0","0","0","0","82","8","7650","150","80","4","634","6","0","0","1319","6","0","0","0","1","1","","","","","","","","","","","","","","","","","","","","","","","","","","",""
"596054","Визначено як лікарня для госпіталізації","01994971","КНП ""Обласний клінічний госпіталь ветеранів війни Кіровоградської обласної ради""","м.Кропивницький, вул.Короленка, 58","Кіровоградська","15.03.2021 0:00:00","899","15.03.2021 8:33:26","0","0","0","0","0","0","0","0","0","0","0","0","0","0","0","0","0","0","0","0","0","0","0","0","0","0","0","0","0","3","0","0","0","0","0","6","0","0","0","74","0","0","0","0","0","0","0","0","0","0","0","0","0","0","0","0","10","0","0","25","0","0","0","0","0","0","0","0","1","1","","","","","","","","","","","","","","","","","","","","","","","","","","",""
"595934","Визначено як лікарня для госпіталізації","01983720","КНП ""Троїцьке ТМО""","92100, Луганська область, смт Троїцьке, вул. Виноградна, 11","Луганська","15.03.2021 0:00:00","923","15.03.2021 6:05:31","0","0","0","0","0","0","0","0","0","0","0","0","0","0","0","0","0","0","0","0","0","0","0","0","0","0","1","0","0","7","1","1","0","1","0","4","0","0","0","34","0","705","0","132","12","20","0","1400","100","200","0","10","0","62","0","2100","100","50","2","73","0","0","0","699","0","0","0","0","1","1","","","","","","","","","","","","","","","","","","","","","","","","","","",""
"596174","Визначено як лікарня для госпіталізації","04542985","Комунальне некомерційне підприємство Луганської обласної ради «Луганська обласна дитяча клінічна лікарня»","м. Лисичанськ, кв. 40 років Перемоги, 12-А","Луганська","15.03.2021 0:00:00","944","15.03.2021 9:11:24","0","0","0","0","0","0","0","0","0","0","0","0","0","0","0","0","0","0","0","0","0","0","0","0","5","0","0","0","0","8","0","7","0","4","3","3","0","0","0","12","0","1384","0","1683","0","247","0","1800","200","0","0","0","0","375","0","1700","200","100","10","404","2","0","0","0","0","0","0","0","1","1","","","","","","","","","","","","","","","","","","","","","","","","","","",""
"596251","Визначено як лікарня для госпіталізації","01983588","Комунальне некомерційне підприємство «Новоайдарська багатопрофільна лікарня» Новоайдарської районної ради Луганської області","Новоайдарський район, смт Новоайдар, вул. Незалежності, 20 «З»","Луганська","15.03.2021 0:00:00","955","15.03.2021 9:31:30","0","0","0","0","0","0","0","0","0","0","0","0","0","0","0","0","0","0","0","0","0","0","0","0","2","0","0","0","0","1","0","0","0","0","0","0","0","0","0","51","0","0","4","360","10","994","6","145","15","0","0","33","0","20","0","0","0","1","0","5","0","0","0","0","0","0","0","4","1","1","","","","","","","","","","","","","","","","","","","","","","","","","","",""
"596094","Визначено як лікарня для госпіталізації","01983594","Комунальне некомерційне підприємство «Новопсковське територіальне медичне об’єднання Новопсковської районної ради»","Новопсковський район, смт Новопсков, вул. Українська, 101-А","Луганська","15.03.2021 0:00:00","956","15.03.2021 8:48:43","0","0","0","0","0","0","0","0","0","0","0","0","0","0","0","0","0","0","0","0","0","0","0","0","0","0","0","0","0","3","0","1","0","0","1","8","0","0","0","41","0","330","5","230","5","135","2","7650","50","0","0","0","0","130","0","5400","50","13","1","0","0","0","0","396","0","0","0","0","1","1","","","","","","","","","","","","","","","","","","","","","","","","","","",""
"596245","Визначено як лікарня для госпіталізації","01983602","Філія «Петропавлівська лікарня» комунального некомерційного підприємства «Станично-Луганське районне територіальне медичне об’єднання»","Станично-Луганський район, смт Станиця Луганська, вул. 5 лінія, 39","Луганська","15.03.2021 0:00:00","961","15.03.2021 9:28:59","0","0","0","0","0","0","0","0","0","0","0","0","0","0","0","0","0","0","0","0","0","0","0","0","0","0","0","0","0","4","0","0","0","1","0","4","0","0","0","106","0","6919","8","2838","3","1317","5","1848","26","0","0","0","0","272","0","2850","54","1077","2","12","0","0","0","1197","0","0","0","0","1","1","","","","","","","","","","","","","","","","","","","","","","","","","","",""
"596445","Визначено як лікарня для госпіталізації","01997633","КОМУНАЛЬНЕ НЕКОМЕРЦІЙНЕ ПІДПРИЄМСТВО БУСЬКОЇ РАЙОННОЇ РАДИ ""БУСЬКА ЦЕНТРАЛЬНА РАЙОННА ЛІКАРНЯ""","80500, Львівська обл., Буський район, місто Буськ, ВУЛИЦЯ ЛЬВІВСЬКА, будинок 77","Львівська","15.03.2021 0:00:00","965","15.03.2021 10:43:18","0","0","0","0","0","0","0","0","0","0","0","0","0","0","0","0","0","0","0","0","0","0","0","0","0","0","0","0","0","0","0","1","0","0","0","1","0","0","1","4","1","675","5","1340","20","168","2","95500","250","65","0","0","0","160","0","26700","100","19","1","536","41","0","0","0","0","0","0","4","1","1","","","","","","","","","","","","","","","","","","","","","","","","","","",""
"596284","Визначено як лікарня для госпіталізації","01996208","КОМУНАЛЬНЕ НЕКОМЕРЦІЙНЕ ПІДПРИЄМСТВО ""ЖИДАЧІВСЬКА ЦЕНТРАЛЬНА РАЙОННА ЛІКАРНЯ"" ЖИДАЧІВСЬКОЇ РАЙОННОЇ РАДИ ЛЬВІВСЬКОЇ ОБЛАСТІ","81700, Львівська обл., Жидачівський район, мисто Жидачів, ВУЛИЦЯ Я.МУДРОГО, будинок 29","Львівська","15.03.2021 0:00:00","971","15.03.2021 9:42:50","0","0","0","0","0","0","0","0","0","0","0","0","0","0","0","0","0","0","0","0","0","0","0","0","0","0","2","0","0","7","2","0","0","0","0","6","0","0","0","27","0","10","0","1340","60","0","0","2700","150","470","0","0","0","77","0","3900","150","12","2","0","0","0","0","0","0","0","0","0","1","1","","","","","","","","","","","","","","","","","","","","","","","","","","",""
"596267","Визначено як лікарня для госпіталізації","01996409","КОМУНАЛЬНЕ НЕКОМЕРЦІЙНЕ ПІДПРИЄМСТВО ЖОВКІВСЬКОЇ РАЙОННОЇ РАДИ""ЖОВКІВСЬКА ЦЕНТРАЛЬНА РАЙОННА ЛІКАРНЯ""","місто Жовква, ВУЛИЦЯ ЛЬВіВСЬКА, будинок 78","Львівська","15.03.2021 0:00:00","972","15.03.2021 9:35:11","0","0","0","0","0","0","0","0","0","0","0","0","0","0","0","0","0","0","0","0","0","0","0","0","1","0","0","0","0","2","0","1","0","2","0","9","0","0","1","37","0","1000","30","3150","50","860","20","28800","200","0","0","15","0","0","0","0","0","935","5","780","0","300","0","600","0","0","0","0","1","1","","","","","","","","","","","","","","","","","","","","","","","","","","",""
"595961","Визначено як лікарня для госпіталізації","01998124","КНП ЛОР Львівський Обласний Державний Клінічний Лікувально-Діагностичний Ендокринологічний Центр","Україна, 79010, Львівська обл., місто Львів, ВУЛИЦЯ ОСТРОЗЬКОГО, будинок 1","Львівська","15.03.2021 0:00:00","974","15.03.2021 7:44:54","0","0","0","0","0","0","0","0","0","0","0","0","0","0","0","0","0","0","0","0","0","0","0","0","0","0","0","0","0","0","0","0","0","0","0","0","0","0","0","1","0","0","0","0","0","15","0","1285","4","0","0","10","0","5","0","1050","3","210","1","0","0","0","0","0","0","0","0","0","0","1","","","","","","","","","","","","","","","","","","","","","","","","","","",""
"596536","Визначено як лікарня для госпіталізації","01996668","КНП ""5 МКЛ м.Львова""","м. Львів, вул. Коновальця, 26","Львівська","15.03.2021 0:00:00","977","15.03.2021 11:17:53","0","0","0","0","0","0","0","0","0","0","0","0","0","0","0","0","0","0","0","0","0","0","0","0","4","3","0","0","3","0","0","0","0","0","0","2","0","0","0","125","1","4660","10","85","0","60","0","5000","100","0","0","0","0","75","3","200","100","115","15","21","0","0","0","81","0","0","0","0","1","1","","","","","","","","","","","","","","","","","","","","","","","","","","",""
"596097","Визначено як лікарня для госпіталізації","01996639","КОМУНАЛЬНЕ НЕКОМЕРЦІЙНЕ ПІДПРИЄМСТВО ""КЛІНІЧНА ЛІКАРНЯ ШВИДКОЇ МЕДИЧНОЇ ДОПОМОГИ М.ЛЬВОВА""","місто Львів, Шевченківський район, ВУЛИЦЯ І. МИКОЛАЙЧУКА , будинок 9","Львівська","15.03.2021 0:00:00","978","15.03.2021 8:50:00","0","0","0","0","0","0","0","0","0","0","0","0","0","0","0","0","0","0","0","0","0","0","0","0","36","10","0","0","10","30","0","0","0","5","14","20","1","0","1","305","1","0","0","0","0","1523","0","26000","0","0","0","0","0","1150","0","64500","0","80","24","0","0","0","0","654","0","0","0","1","1","1","","","","","","","","","","","","","","","","","","","","","","","","","","",""
"596204","Визначено як лікарня для госпіталізації","01996622","КОМУНАЛЬНЕ НЕКОМЕРЦІЙНЕ ПІДПРИЄМСТВО ""ЛЬВІВСЬКА 1-А МІСЬКА КЛІНІЧНА ЛІКАРНЯ ІМЕНІ КНЯЗЯ ЛЕВА""","вул. Ужгородська, 1","Львівська","15.03.2021 0:00:00","981","15.03.2021 9:19:44","0","0","0","0","0","0","0","0","0","0","0","0","0","0","0","0","0","0","0","0","0","0","0","0","5","3","0","0","3","0","0","0","0","0","0","40","0","0","0","56","0","440","20","160","20","300","20","15900","100","70","0","50","0","85","0","21900","300","42","4","0","0","670","0","650","0","0","0","0","1","1","","","","","","","","","","","","","","","","","","","","","","","","","","",""
"596460","Визначено як лікарня для госпіталізації","01996728","КОМУНАЛЬНЕ НЕКОМЕРЦІЙНЕ ПІДПРИЄМСТВО ЛЬВІВСЬКОЇ ОБЛАСНОЇ РАДИ ""ЛЬВІВСЬКА ОБЛАСНА ДИТЯЧА КЛІНІЧНА ЛІКАРНЯ ""ОХМАТДИТ""","вул. Лисенка, буд. 31","Львівська","15.03.2021 0:00:00","983","15.03.2021 10:48:28","0","0","0","0","0","0","0","0","0","0","0","0","0","0","0","0","0","0","0","0","0","0","0","0","3","0","0","0","0","4","0","7","0","2","2","25","0","0","0","4","1","11017","27","2950","57","1889","27","15090","122","475","0","0","0","589","0","15370","360","829","9","0","0","0","0","0","0","0","0","0","1","1","","","","","","","","","","","","","","","","","","","","","","","","","","",""
"596513","Визначено як лікарня для госпіталізації","01996711","КОМУНАЛЬНЕ НЕКОМЕРЦІЙНЕ ПІДПРИЄМСТВО ЛЬВІВСЬКОЇ ОБЛАСНОЇ РАДИ ""ЛЬВІВСЬКА ОБЛАСНА КЛІНІЧНА ЛІКАРНЯ""","м. Львів, вул. Чернігівська.7","Львівська","15.03.2021 0:00:00","984","15.03.2021 11:08:10","0","0","0","0","0","0","0","0","0","0","0","0","0","0","0","0","0","0","0","0","0","0","0","0","8","0","0","0","1","5","0","0","0","0","3","9","1","0","1","47","1","100","0","2500","100","500","0","4000","300","0","0","290","0","0","0","0","0","830","50","0","0","0","0","300","0","0","0","6","1","1","","","","","","","","","","","","","","","","","","","","","","","","","","",""
"596567","Визначено як лікарня для госпіталізації","01984292","КОМУНАЛЬНЕ НЕКОМЕРЦІЙНЕ ПІДПРИЄМСТВО ""ПОЛОГОВИЙ КЛІНІЧНИЙ БУДИНОК №1 М.ЛЬВОВА""","вул. Мечнікова, буд. 8","Львівська","15.03.2021 0:00:00","989","15.03.2021 11:36:58","0","0","0","0","0","0","0","0","0","0","0","0","0","0","0","0","0","0","0","0","0","0","0","0","0","0","0","0","0","5","0","1","0","1","0","5","0","0","0","20","0","4460","36","1964","60","22296","54","8662","70","0","0","0","0","707","0","0","0","491","3","390","4","41","5","41","5","0","0","0","1","1","","","","","","","","","","","","","","","","","","","","","","","","","","",""
"596574","Визначено як лікарня для госпіталізації","01998035","КНП «Пустомитівська центральна районна лікарня»","81100, Львівська обл., Пустомитівський р-н, м. Пустомити, вул. Грушевського, 7","Львівська","15.03.2021 0:00:00","990","15.03.2021 11:40:58","0","0","0","0","0","0","0","0","0","0","0","0","0","0","0","0","0","0","0","0","0","0","0","0","4","1","0","0","1","0","0","0","0","0","2","6","0","0","0","22","0","3190","100","9200","50","205","0","105600","200","0","0","0","0","2324","0","34950","0","385","5","0","0","0","0","0","0","0","0","2","1","1","","","","","","","","","","","","","","","","","","","","","","","","","","",""
"596266","Визначено як лікарня для госпіталізації","01997461","КНП Самбірської місткої ради та Самбірської районної ради «Самбірська центральна районна лікарня»","81400, Львівська обл., м. Самбір, вул. Шпитальна, 14","Львівська","15.03.2021 0:00:00","992","15.03.2021 9:34:29","0","0","0","0","0","0","0","0","0","0","0","0","0","0","0","0","0","0","0","0","0","0","0","0","2","0","0","0","0","3","0","1","0","1","0","2","1","0","0","15","1","0","0","1150","22","1367","25","1252","26","0","0","67","0","68","0","988","125","4","0","0","0","0","0","233","0","0","0","0","1","1","","","","","","","","","","","","","","","","","","","","","","","","","","",""
"596361","Визначено як лікарня для госпіталізації","01996504","КП ""Перемишлянська центральна районна лікарня""","Україна, 81200, Львівська обл., Перемишлянський р-н, місто Перемишляни, ВУЛ. ГАЛИЦЬКА, будинок 12","Львівська","15.03.2021 0:00:00","994","15.03.2021 10:11:24","0","0","0","0","0","0","0","0","0","0","0","0","0","0","0","0","0","0","0","0","0","0","0","0","0","0","0","0","0","4","0","0","0","0","0","1","0","0","0","19","0","60","10","1","0","0","0","6835","30","70","0","0","0","24","0","3145","20","10","0","0","0","0","0","359","0","0","0","0","1","1","","","","","","","","","","","","","","","","","","","","","","","","","","",""
"596492","Визначено як лікарня для госпіталізації","01997297","КНП СРР ""СТАРОСАМБІРСЬКА ЦРЛ""","Україна, 82000, Львівська обл., Старосамбірський р-н, місто Старий Самбір, ВУЛ. ЛЕВА ГАЛИЦЬКОГО, будинок 86","Львівська","15.03.2021 0:00:00","997","15.03.2021 10:58:43","0","0","0","0","0","0","0","0","0","0","0","0","0","0","0","0","0","0","0","0","0","0","0","0","1","0","0","0","0","3","0","0","0","1","0","4","0","0","0","8","0","0","0","370","10","0","0","910","20","0","0","0","0","13","0","940","30","29","1","672","1","100","0","100","0","0","0","4","1","1","","","","","","","","","","","","","","","","","","","","","","","","","","",""
"596628","Визначено як лікарня для госпіталізації","01998420","КНП «Доманівська ЦРЛ» ДРР","56400, Миколаївська обл., Доманівський р-н.,  смт Доманівка, вул. Пирогова, буд.6","Миколаївська","15.03.2021 0:00:00","1010","15.03.2021 12:05:58","0","0","0","0","0","0","0","0","0","0","0","0","0","0","0","0","0","0","0","0","0","0","0","0","0","0","1","0","0","4","1","0","0","0","0","0","0","0","0","34","0","508","32","1660","15","590","15","12798","85","0","0","0","0","148","0","14225","195","166","3","667","0","0","0","1691","0","0","0","0","1","0","","","","","","","","","","","","","","","","","","","","","","","","","","",""
"596218","Визначено як лікарня для госпіталізації","01998489","КНП ММР ""Міська лікарня № 5""","54051 м. Миколаїв, пр. Богоявленський, 336","Миколаївська","15.03.2021 0:00:00","1012","15.03.2021 9:23:30","0","0","0","0","0","0","0","0","0","0","0","0","0","0","0","0","0","0","0","0","0","0","0","0","8","9","0","0","11","4","0","0","0","1","0","16","0","0","0","57","0","3116","60","1970","24","1385","12","28750","500","306","12","0","0","468","0","2150","20","788","8","571","1","1","0","494","15","0","0","0","1","1","","","","","","","","","","","","","","","","","","","","","","","","","","",""
"596058","Визначено як лікарня для госпіталізації","01998294","КНП ""Новоодеська центральна районна лікарня"" НРР","м. Нова Одеса, вул. Шкільна, 38","Миколаївська","15.03.2021 0:00:00","1015","15.03.2021 8:34:49","0","0","0","0","0","0","0","0","0","0","0","0","0","0","0","0","0","0","0","0","0","0","0","0","1","0","0","0","0","3","0","0","0","0","0","6","0","0","0","46","0","1200","0","250","0","50","0","18050","0","0","0","0","0","181","0","1000","0","149","0","387","10","0","0","810","0","0","0","1","1","1","","","","","","","","","","","","","","","","","","","","","","","","","","",""
"596558","Визначено як лікарня для госпіталізації","01998265","КНП ""Очаківська ЦРЛ""","м.Очаків,вул.Першотравнева,буд.1","Миколаївська","15.03.2021 0:00:00","1017","15.03.2021 11:29:22","0","0","0","0","0","0","0","0","0","0","0","0","0","0","0","0","0","0","0","0","0","0","0","0","1","0","0","0","0","4","0","0","0","0","0","5","0","0","0","38","0","480","40","5400","20","20","2","2950","50","200","0","0","0","99","0","4500","100","34","2","0","0","0","0","50","0","0","0","0","1","1","","","","","","","","","","","","","","","","","","","","","","","","","","",""
"596101","Визначено як лікарня для госпіталізації","02007070","Комунальне некомерційне підприємство «Миколаївська обласна дитяча клінічна лікарня» Миколаївської обласної ради","вул. Миколаївська, буд. 21","Миколаївська","15.03.2021 0:00:00","1020","15.03.2021 8:50:21","0","0","0","0","0","0","0","0","0","0","0","0","0","0","0","0","0","0","0","0","0","0","0","0","2","0","0","0","0","4","0","21","5","4","4","4","0","0","0","17","1","339","20","2547","60","95","10","2437","30","1100","0","0","0","41","0","15090","70","1","0","649","0","0","0","498","0","0","0","0","1","1","","","","","","","","","","","","","","","","","","","","","","","","","","",""
"596659","Визначено як лікарня для госпіталізації","01998271","КНП «Миколаївська центральна районна лікарня» Миколаївської районної ради","Миколаївська область, Миколаївський район, місто Миколаїв, вул. Поштова, 118","Миколаївська","15.03.2021 0:00:00","1024","15.03.2021 12:30:59","0","0","0","0","0","0","0","0","0","0","0","0","0","0","0","0","0","0","0","0","0","0","0","0","0","0","0","0","0","7","0","0","0","1","0","8","0","0","0","25","0","780","10","465","5","200","10","800","100","0","0","0","0","70","10","4200","100","103","1","264","3","0","0","389","0","0","0","0","1","0","","","","","","","","","","","","","","","","","","","","","","","","","","",""
"596458","Визначено як лікарня для госпіталізації","01998390","КНП ""Миколаївський регіональний фтизіопульмонологічний медичний центр""МОР","Миколаївський район, селище Надбузьке, вул. Веселинівська,4","Миколаївська","15.03.2021 0:00:00","1027","15.03.2021 10:47:53","0","0","0","0","0","0","0","0","0","0","0","0","0","0","0","0","0","0","0","0","0","0","0","0","0","0","1","0","0","5","1","0","0","0","1","10","0","0","0","220","0","10441","10","7148","13","1316","2","39114","30","0","0","0","0","2102","1","13530","700","411","1","568","6","0","0","321","11","0","0","0","0","1","","","","","","","","","","","","","","","","","","","","","","","","","","",""
"596255","Визначено як лікарня для госпіталізації","05483121","Комунальне некомерційне підприємство Миколаївської міської ради ""Міська дитяча лікарня №2""","м. Миколаїв, вул. Рюміна, 5","Миколаївська","15.03.2021 0:00:00","1028","15.03.2021 9:32:49","0","0","0","0","0","0","0","0","0","0","0","0","0","0","0","0","0","0","0","0","0","0","0","0","0","0","0","0","0","0","0","6","0","0","0","3","0","0","0","12","0","3010","10","6161","0","750","0","9700","200","0","0","0","0","135","0","9000","100","354","2","86","1","0","0","109","5","0","0","0","1","1","","","","","","","","","","","","","","","","","","","","","","","","","","",""
"596340","Визначено як лікарня для госпіталізації","04592434","КНП Миколаївської міської ради ""Міська лікарня №3""","Миколаївська область, місто Миколаїв, вул. Космонавтів, 97","Миколаївська","15.03.2021 0:00:00","1029","15.03.2021 10:01:55","0","0","0","0","0","0","0","0","0","0","0","0","0","0","0","0","0","0","0","0","0","0","0","0","6","2","0","0","3","12","0","0","0","2","0","15","0","0","0","36","1","3090","20","700","20","840","20","21800","50","250","50","30","0","50","5","10750","50","200","10","1030","5","0","0","360","0","0","0","0","1","1","","","","","","","","","","","","","","","","","","","","","","","","","","",""
"596021","Визначено як лікарня для госпіталізації","01998302","Комунальне некомерційне підприємство ""Снігурівська центральна районна лікарня"" Снігурівської районної ради Миколаївської області","57300, м.Снігурівка, вул. Жовтнева, 1","Миколаївська","15.03.2021 0:00:00","1035","15.03.2021 8:26:42","0","0","0","0","0","0","0","0","0","0","0","0","0","0","0","0","0","0","0","0","0","0","0","0","0","0","0","0","0","4","0","0","0","0","0","6","0","0","0","46","0","75","5","790","5","548","2","2300","100","120","0","0","0","20","0","1900","100","115","5","650","4","0","0","576","12","0","0","0","1","1","","","","","","","","","","","","","","","","","","","","","","","","","","",""
"596459","Визначено як лікарня для госпіталізації","01981738","""Київська міська клінічна лікарня №1""","Харківське шосе, 121","м.Київ","15.03.2021 0:00:00","1060","15.03.2021 10:48:14","0","0","0","0","0","0","0","0","0","0","0","0","0","0","0","0","0","0","0","0","0","0","0","0","3","3","6","0","3","6","6","0","0","1","0","9","0","0","0","35","1","15850","50","1115","0","4537","32","220300","250","548","0","0","0","1019","0","105400","300","1941","2","1409","30","0","0","1522","12","0","0","0","1","1","","","","","","","","","","","","","","","","","","","","","","","","","","",""
"596091","Визначено як лікарня для госпіталізації","01993931","КНП «Київська міська клінічна лікарня №10»","gросп. Голосіївський, 59-Б","м.Київ","15.03.2021 0:00:00","1061","15.03.2021 8:47:45","0","0","0","0","0","0","0","0","0","0","0","0","0","0","0","0","0","0","0","0","0","0","0","0","8","2","0","0","4","7","0","0","0","5","0","4","0","0","0","45","1","1615","5","5900","50","2397","50","8800","200","180","0","0","0","97","0","12000","500","31","2","936","3","0","0","0","0","0","0","3","1","1","","","","","","","","","","","","","","","","","","","","","","","","","","",""
"595979","Визначено як лікарня для госпіталізації","03319759","КНП «Київська міська клінічна лікарня №17»","пров. Лабораторний, буд. 14-20","м.Київ","15.03.2021 0:00:00","1063","15.03.2021 8:03:29","0","0","0","0","0","0","0","0","0","0","0","0","0","0","0","0","0","0","0","0","0","0","0","0","0","0","2","0","0","12","2","0","0","0","0","13","0","0","0","30","1","54568","40","2130","50","406","50","6550","400","3050","0","0","0","22","0","27560","500","695","5","2345","0","0","0","440","0","0","0","0","1","1","","","","","","","","","","","","","","","","","","","","","","","","","","",""
"596277","Визначено як лікарня для госпіталізації","01993776","КНП ""Київська міська клінічна лікарня №18""","м.Київ, бульвар Шевченка,17","м.Київ","15.03.2021 0:00:00","1064","15.03.2021 9:38:55","0","0","0","0","0","0","0","0","0","0","0","0","0","0","0","0","0","0","0","0","0","0","0","0","0","0","2","0","0","12","2","0","0","0","0","7","0","0","0","4","1","1878","0","119","0","9532","100","4100","0","550","0","125","0","136","0","91400","400","0","0","1537","4","0","0","1557","10","0","0","0","1","1","","","","","","","","","","","","","","","","","","","","","","","","","","",""
"596276","Визначено як лікарня для госпіталізації","05415958","КНП «Київська міська клінічна лікарня №3»","вул. Петра Запорожця, 26","м.Київ","15.03.2021 0:00:00","1065","15.03.2021 9:38:48","0","0","0","0","0","0","0","0","0","0","0","0","0","0","0","0","0","0","0","0","0","0","0","0","0","0","0","0","0","18","0","0","0","0","0","13","0","0","0","75","1","198000","150","23250","50","1749","0","582700","300","270","0","0","0","656","0","272900","150","747","3","0","0","0","0","0","45","0","0","0","1","1","","","","","","","","","","","","","","","","","","","","","","","","","","",""
"596648","Визначено як лікарня для госпіталізації","05497146","КНП «Київська міська клінічна лікарня №8»","вул. Ю. Кондратюка, 8","м.Київ","15.03.2021 0:00:00","1066","15.03.2021 12:20:11","0","0","0","0","0","0","0","0","0","0","0","0","0","0","0","0","0","0","0","0","0","0","0","0","3","3","15","0","3","15","15","0","0","0","2","16","0","0","0","156","1","20640","200","21180","130","19480","130","347400","400","0","0","0","0","1800","0","243600","500","7930","5","3209","7","34","0","622","2","0","0","0","1","1","","","","","","","","","","","","","","","","","","","","","","","","","","",""
"596466","Визначено як лікарня для госпіталізації","01994072","КНП ""Клінічна лікарня ""ПСИХІАТРІЯ"""" виконавчого органу Київської міської ради (Київської міської державної адміністрації)","вул.Фрунзе, 103-А","м.Київ","15.03.2021 0:00:00","1068","15.03.2021 10:50:55","0","0","0","0","0","0","0","0","0","0","0","0","0","0","0","0","0","0","0","0","0","0","0","0","1","0","0","0","0","2","0","0","0","0","0","3","0","0","0","25","0","9700","100","0","0","930","30","400000","5000","0","0","600","30","0","0","18400","200","100","40","208","0","10","0","20","0","0","0","0","1","0","","","","","","","","","","","","","","","","","","","","","","","","","","",""
"596209","Визначено як лікарня для госпіталізації","05492309","КНП ""Київський міський клінічний госпіталь ветеранів війни""","м.Київ, вул. Федора Максименка, 26","м.Київ","15.03.2021 0:00:00","1071","15.03.2021 9:20:41","0","0","0","0","0","0","0","0","0","0","0","0","0","0","0","0","0","0","0","0","0","0","0","0","0","0","0","0","0","2","0","0","0","0","0","17","0","0","0","64","1","45200","0","40000","0","436","0","202319","0","0","0","790","0","99","0","40735","0","2804","0","0","0","0","0","0","0","0","0","0","1","1","","","","","","","","","","","","","","","","","","","","","","","","","","",""
"596635","Визначено як лікарня для госпіталізації","02124976","Київський міський центр репродуктивної та перинатальної медицини","м. Київ, пр-т. Героїв Сталінграда, 16","м.Київ","15.03.2021 0:00:00","1076","15.03.2021 12:09:44","0","0","0","0","0","0","0","0","0","0","0","0","0","0","0","0","0","0","0","0","0","0","0","0","0","0","0","0","0","4","0","1","0","1","1","12","0","0","0","0","1","49","0","190","0","213","3","280","80","0","0","0","0","175","0","280","80","48","2","5","0","0","0","0","0","0","0","0","0","1","","","","","","","","","","","","","","","","","","","","","","","","","","",""
"596401","Визначено як лікарня для госпіталізації","05494840","КОМУНАЛЬНА ОРГАНІЗАЦІЯ (УСТАНОВА, ЗАКЛАД) КИЇВСЬКА МІСЬКА КЛІНІЧНА ЛІКАРНЯ №7","вул. Котельникова, 95","м.Київ","15.03.2021 0:00:00","1079","15.03.2021 10:24:26","0","0","0","0","0","0","0","0","0","0","0","0","0","0","0","0","0","0","0","0","0","0","0","0","5","0","0","0","0","8","0","0","0","0","0","5","0","0","0","26","0","1870","0","10940","0","13576","0","6296","200","200","0","2540","0","511","2","59000","400","803","0","3254","2","11256","24","1900","0","0","0","0","1","1","","","","","","","","","","","","","","","","","","","","","","","","","","",""
"596219","Визначено як лікарня для госпіталізації","01993701","КНП Київської обласної ради ""Київська обласна клінічна лікарня""","м.Київ, вул. Багговутівська, 1","Київська","15.03.2021 0:00:00","1081","15.03.2021 9:23:45","0","0","0","0","0","0","0","0","0","0","0","0","0","0","0","0","0","0","0","0","0","0","0","0","8","3","0","0","3","2","0","0","0","2","12","18","0","0","1","0","1","30","0","4000","0","6459","0","8100","0","0","0","1221","0","0","0","1600","0","30","0","50","0","4","2","600","200","0","0","1","1","1","","","","","","","","","","","","","","","","","","","","","","","","","","",""
"596693","Визначено як лікарня для госпіталізації","01993718","КНП КОР ""Київська обласна лікарня""","м.Київ, пров.Несторівський, 13/19","Київська","15.03.2021 0:00:00","1082","15.03.2021 13:04:01","0","0","0","0","0","0","0","0","0","0","0","0","0","0","0","0","0","0","0","0","0","0","0","0","0","0","0","0","0","4","0","0","0","0","1","3","0","0","0","1","0","195","0","6450","0","2526","0","72600","0","0","0","117","0","118","0","33500","0","0","0","36","3","0","0","159","4","0","0","0","0","0","","","","","","","","","","","","","","","","","","","","","","","","","","",""
"596222","Визначено як лікарня для госпіталізації","01998638","КНП ""Арцизька центральна районна лікарня"" Арцизької районної ради Одеської області","68404, Одеська обл., Арцизький район, місто Арциз, ВУЛИЦЯ ДОБРОВОЛЬСЬКОГО, будинок 5","Одеська","15.03.2021 0:00:00","1096","15.03.2021 9:24:23","0","0","0","0","0","0","0","0","0","0","0","0","0","0","0","0","0","0","0","0","0","0","0","0","12","1","0","0","1","2","0","0","0","1","0","27","0","0","0","61","1","2600","100","3500","60","5600","40","36400","200","120","0","0","0","1070","0","36400","200","160","0","37","0","0","0","1128","0","0","0","3","1","1","","","","","","","","","","","","","","","","","","","","","","","","","","",""
"596418","Визначено як лікарня для госпіталізації","01998650","КНП ""Березівська центральна районна лікарня"" Березівської районної ради Одеської області","67300, Одеська обл., Березівський район, місто Березівка, ВУЛИЦЯ БОЛЬНИЧНА, будинок 6","Одеська","15.03.2021 0:00:00","1097","15.03.2021 10:31:05","0","0","0","0","0","0","0","0","0","0","0","0","0","0","0","0","0","0","0","0","0","0","0","0","3","0","0","0","0","4","0","2","0","0","0","13","0","0","0","16","0","600","12","1000","12","390","12","6800","100","600","10","0","0","20","0","3700","100","100","4","28","0","0","0","874","6","0","0","0","1","1","","","","","","","","","","","","","","","","","","","","","","","","","","",""
"596026","Визначено як лікарня для госпіталізації","01998667","КНП ""Білгород-Дністровська міська багатопрофільна лікарня"" Білгород-Дністровської міської Ради","67701, Одеська обл., місто Білгород-Дністровський, ВУЛ. МОСКОВСЬКА, будинок ","Одеська","15.03.2021 0:00:00","1098","15.03.2021 8:28:08","0","0","0","0","0","0","0","0","0","0","0","0","0","0","0","0","0","0","0","0","0","0","0","0","0","0","0","0","0","2","0","1","0","0","0","4","0","0","0","16","0","20","0","937","0","345","0","0","0","2880","0","0","0","416","0","0","0","0","0","25","0","0","0","256","0","0","0","0","1","1","","","","","","","","","","","","","","","","","","","","","","","","","","",""
"596512","Визначено як лікарня для госпіталізації","01111121","КНП ""Центральна районна лікарня Подільського району Куяльницької сільської ради""","66350, Одеська обл., Подільський район, село Куяльник, ВУЛИЦЯ КУЯЛЬНИЦЬКА , будинок 26-А","Одеська","15.03.2021 0:00:00","1103","15.03.2021 11:07:50","0","0","0","0","0","0","0","0","0","0","0","0","0","0","0","0","0","0","0","0","0","0","0","0","4","0","0","0","0","1","0","0","0","0","0","9","0","0","0","100","1","592","95","3945","95","899","95","41085","200","300","0","0","0","688","0","14280","250","228","10","0","0","0","0","736","19","0","0","0","1","1","","","","","","","","","","","","","","","","","","","","","","","","","","",""
"596046","Визначено як лікарня для госпіталізації","01998644","КП ""Балтська центральна районна лікарня""","66101, Одеська обл., місто Балта, ВУЛИЦЯ ЛОМОНОСОВА , будинок 181","Одеська","15.03.2021 0:00:00","1110","15.03.2021 8:32:01","0","0","0","0","0","0","0","0","0","0","0","0","0","0","0","0","0","0","0","0","0","0","0","0","0","0","0","0","0","2","0","0","0","0","0","6","0","0","0","7","0","6981","11","2465","0","893","0","4156","94","81","0","0","0","110","0","1260","4","1308","1","0","0","0","0","409","0","0","0","0","1","0","","","","","","","","","","","","","","","","","","","","","","","","","","",""
"596699","Визначено як лікарня для госпіталізації","01998727","КНП ""Великомихайлівська центральна районна лікарня"" Великомихайлівської районної ради Одеської області","67100, Одеська обл., Великомихайлівський район, селище міського типу Велика Михайлівка, ВУЛИЦЯ ЦЕНТРАЛЬНА, будинок 248","Одеська","15.03.2021 0:00:00","1111","15.03.2021 14:02:36","0","0","0","0","0","0","0","0","0","0","0","0","0","0","0","0","0","0","0","0","0","0","0","0","1","0","0","0","0","2","0","1","0","0","0","4","0","0","0","4","0","210","0","30","0","76","0","2150","0","0","0","0","0","23","0","300","0","30","0","20","0","0","0","1270","0","0","0","0","1","1","","","","","","","","","","","","","","","","","","","","","","","","","","",""
"596482","Визначено як лікарня для госпіталізації","02774438","КНП ""Дитяча міська  лікарня № 3"" Одеської міської ради","65025, Одеська обл., місто Одеса, Суворовський район, ВУЛИЦЯ АКАДЕМІКА ЗАБОЛОТНОГО, будинок 26-А","Одеська","15.03.2021 0:00:00","1112","15.03.2021 10:53:31","0","0","0","0","0","0","0","0","0","0","0","0","0","0","0","0","0","0","0","0","0","0","0","0","0","0","0","0","0","0","0","7","0","0","0","7","0","0","0","18","1","175","0","710","0","1185","0","22500","0","0","0","0","0","645","0","0","0","370","20","149","1","0","0","281","13","0","0","0","1","1","","","","","","","","","","","","","","","","","","","","","","","","","","",""
"596045","Визначено як лікарня для госпіталізації","01998928","КНП  ""Захарівська центральна районна лікарня""  Захарівської районної ради Одеської області","66700, Одеська обл., Захарівський район, селище міського типу Захарівка, ВУЛИЦЯ ЦЕНТРАЛЬНА, будинок 40","Одеська","15.03.2021 0:00:00","1114","15.03.2021 8:31:36","0","0","0","0","0","0","0","0","0","0","0","0","0","0","0","0","0","0","0","0","0","0","0","0","0","0","0","0","0","5","0","1","0","1","0","6","0","0","0","2","0","500","0","400","0","100","0","0","0","350","0","50","0","90","0","3450","0","95","0","0","0","0","0","614","0","0","0","0","1","1","","","","","","","","","","","","","","","","","","","","","","","","","","",""
"596700","Визначено як лікарня для госпіталізації","02775107","КНП ""Лиманська центральна районна лікарня"" Лиманської районної ради Одеської області","67500, Одеська обл., Лиманський район, селище міського типу Доброслав, ВУЛИЦЯ ГРУБНИКА, будинок 27","Одеська","15.03.2021 0:00:00","1116","15.03.2021 14:45:54","0","0","0","0","0","0","0","0","0","0","0","0","0","0","0","0","0","0","0","0","0","0","0","0","2","0","0","0","1","2","0","1","0","2","0","17","0","0","0","16","1","1422","24","449","11","1256","16","25690","500","0","0","0","0","289","0","530","0","1334","4","81","0","0","0","1261","15","0","0","0","1","1","","","","","","","","","","","","","","","","","","","","","","","","","","",""
"596028","Визначено як лікарня для госпіталізації","01998986","Комунальне некомерційне підприємство ""Міська клінічна лікарня № 1"" Одеської міської ради","вул. М'ясоєдовська, 32","Одеська","15.03.2021 0:00:00","1117","15.03.2021 8:28:23","0","0","0","0","0","0","0","0","0","0","0","0","0","0","0","0","0","0","0","0","0","0","0","0","12","4","0","0","4","0","0","0","0","0","0","21","0","0","0","116","1","6950","50","9920","80","270","50","24000","300","280","0","25","0","210","0","9850","150","420","10","373","4","0","0","138","0","0","0","0","1","1","","","","","","","","","","","","","","","","","","","","","","","","","","",""
"596479","Визначено як лікарня для госпіталізації","01999052","КНП ""Міська клінічна лікарня №10"" Одеської міської ради""","вул. Малиновського, буд. 61 - А","Одеська","15.03.2021 0:00:00","1118","15.03.2021 10:53:14","0","0","0","0","0","0","0","0","0","0","0","0","0","0","0","0","0","0","0","0","0","0","0","0","0","0","0","0","0","22","0","0","0","0","7","24","0","0","0","54","1","749","31","883","21","1069","42","39907","666","0","0","0","0","145","0","5792","631","1150","10","353","47","0","0","702","0","0","0","0","1","1","","","","","","","","","","","","","","","","","","","","","","","","","","",""
"596617","Визначено як лікарня для госпіталізації","01998957","КНП ""Міська лікарня № 5"" Одеської міської ради","65011, Одеська обл., місто Одеса, Приморський район, ВУЛИЦЯ ТРОЇЦЬКА, будинок 38","Одеська","15.03.2021 0:00:00","1121","15.03.2021 12:03:18","0","0","0","0","0","0","0","0","0","0","0","0","0","0","0","0","0","0","0","0","0","0","0","0","0","0","1","0","0","12","1","0","0","0","0","31","0","0","0","139","1","970","0","1500","200","2800","100","22900","200","0","0","0","0","1300","300","43800","400","1198","2","664","0","0","0","1121","15","0","0","12","1","1","","","","","","","","","","","","","","","","","","","","","","","","","","",""
"596463","Визначено як лікарня для госпіталізації","01998845","КНП ""Овідіопольська центральна районна лікарня"" Овідіопольської районної ради","67801, Одеська обл., Овідіопольський район, селище міського типу Овідіополь, ВУЛИЦЯ Т. ШЕВЧЕНКА, будинок 422","Одеська","15.03.2021 0:00:00","1122","15.03.2021 10:49:05","0","0","0","0","0","0","0","0","0","0","0","0","0","0","0","0","0","0","0","0","0","0","0","0","2","0","0","0","0","7","0","2","0","2","0","8","0","0","0","18","0","0","0","1710","10","0","0","0","0","0","0","0","0","51","51","0","0","761","2","0","0","0","0","49","10","0","0","1","1","1","","","","","","","","","","","","","","","","","","","","","","","","","","",""
"596559","Визначено як лікарня для госпіталізації","01998532","КНП ""Одеська обласна дитяча клінічна лікарня""Одеської обласної ради","65031, Одеська обл., місто Одеса, Суворовський район, ВУЛИЦЯ АКАДЕМІКА ВОРОБЙОВА, будинок 3","Одеська","15.03.2021 0:00:00","1123","15.03.2021 11:31:52","0","0","0","0","0","0","0","0","0","0","0","0","0","0","0","0","0","0","0","0","0","0","0","0","8","0","0","0","1","5","0","12","6","2","0","39","0","0","0","3","1","306","12","8006","12","116","12","2840","60","1000","0","0","0","650","0","3100","240","475","5","0","0","0","0","219","6","0","0","3","1","1","","","","","","","","","","","","","","","","","","","","","","","","","","",""
"596446","Визначено як лікарня для госпіталізації","02008342","КНП ""Одеський обласний онкологічний диспансер"" Одеської обласної ради","65055, Одеська обл., місто Одеса, Суворовський район, ВУЛИЦЯ НЕЖДАНОВОЇ, будинок 32","Одеська","15.03.2021 0:00:00","1126","15.03.2021 10:44:27","0","0","0","0","0","0","0","0","0","0","0","0","0","0","0","0","0","0","0","0","0","0","0","0","2","0","5","0","2","20","5","0","0","0","4","3","0","0","0","5","1","2785","0","0","0","0","0","5700","0","0","0","0","0","0","0","91750","0","45","0","0","0","0","0","300","0","0","0","5","1","1","","","","","","","","","","","","","","","","","","","","","","","","","","",""
"596614","Визначено як лікарня для госпіталізації","01998816","КНП ""Окнянська центральна районна лікарня"" Окнянської районної ради Одеської області","67900, Одеська обл., Окнянський район, селище міського типу Окни, ВУЛИЦЯ БОЛЬНИЧНА, будинок 40","Одеська","15.03.2021 0:00:00","1128","15.03.2021 12:01:55","0","0","0","0","0","0","0","0","0","0","0","0","0","0","0","0","0","0","0","0","0","0","0","0","0","0","0","0","0","5","0","1","0","0","0","4","0","0","0","7","0","136","2","2428","2","545","2","14900","37","0","0","294","0","1025","2","13114","34","557","1","0","0","0","0","900","0","0","0","0","1","1","","","","","","","","","","","","","","","","","","","","","","","","","","",""
"596164","Визначено як лікарня для госпіталізації","01998905","КП ""Тарутинська центральна районна лікарня"" Тарутинської районної ради Одеської області","68500, Одеська обл., Тарутинський район, селище міського типу Тарутине, ВУЛ. КРАСНА, будинок 75","Одеська","15.03.2021 0:00:00","1133","15.03.2021 9:08:39","0","0","0","0","0","0","0","0","0","0","0","0","0","0","0","0","0","0","0","0","0","0","0","0","0","0","0","0","0","3","0","0","0","0","0","8","0","0","0","8","1","931","4","715","1","658","0","6567","120","0","0","0","0","355","9","5822","30","288","1","21","0","0","0","2111","3","0","0","0","1","1","","","","","","","","","","","","","","","","","","","","","","","","","","",""
"596271","Визначено як лікарня для госпіталізації","01998704","КНП ""Біляївська центральна районна лікарня"" Біляївської районної ради","67600, Одеська обл., місто Біляївка, ВУЛИЦЯ МОСКОВСЬКА, будинок 30-Б","Одеська","15.03.2021 0:00:00","1134","15.03.2021 9:37:42","0","0","0","0","0","0","0","0","0","0","0","0","0","0","0","0","0","0","0","0","0","0","0","0","0","0","0","0","0","4","0","0","0","1","0","4","0","0","0","58","1","760","10","4940","20","530","0","68700","200","0","0","0","0","200","0","0","0","162","2","273","9","0","0","0","0","0","0","0","1","1","","","","","","","","","","","","","","","","","","","","","","","","","","",""
"596104","Визначено як лікарня для госпіталізації","05446404","КНП ""Вилківська міська лікарня"" Вилківської міської ради","68355, Одеська обл., Кілійський район, місто Вилкове, ВУЛИЦЯ РІЗДВЯНА, будинок 55","Одеська","15.03.2021 0:00:00","1135","15.03.2021 8:50:53","0","0","0","0","0","0","0","0","0","0","0","0","0","0","0","0","0","0","0","0","0","0","0","0","0","0","0","0","0","1","0","0","0","0","0","4","0","0","0","8","0","45","0","24","0","220","0","930","0","0","0","0","0","143","0","552","0","0","0","1","0","0","0","0","0","0","0","0","1","0","","","","","","","","","","","","","","","","","","","","","","","","","","",""
"596327","Визначено як лікарня для госпіталізації","01998822","КНП ""Любашівська центральна районна лікарня"" Любашівської районної ради в Одеській області","66502, Одеська обл., Любашівський район, селище міського типу Любашівка, ВУЛИЦЯ СОФІЇВСЬКА, будинок 47","Одеська","15.03.2021 0:00:00","1137","15.03.2021 9:55:59","0","0","0","0","0","0","0","0","0","0","0","0","0","0","0","0","0","0","0","0","0","0","0","0","0","0","0","0","0","6","0","1","0","0","0","9","0","0","0","9","1","0","0","879","0","185","0","9337","0","980","0","45","0","85","0","350","0","13","0","16","0","0","0","150","0","0","0","1","1","0","","","","","","","","","","","","","","","","","","","","","","","","","","",""
"596381","Визначено як лікарня для госпіталізації","01998839","КНП ""Миколаївська центральна районна лікарня""  Миколаївської районної ради Одеської області","67000, Одеська обл., Миколаївський район, селище міського типу Миколаївка, ВУЛИЦЯ ЧКАЛОВА, будинок 50-В","Одеська","15.03.2021 0:00:00","1138","15.03.2021 10:16:24","0","0","0","0","0","0","0","0","0","0","0","0","0","0","0","0","0","0","0","0","0","0","0","0","0","0","0","0","0","1","0","0","0","0","0","3","0","0","0","3","0","0","0","124","0","36","0","0","0","0","0","78","0","0","0","0","0","115","1","0","0","0","0","1221","0","0","0","0","1","1","","","","","","","","","","","","","","","","","","","","","","","","","","",""
"596656","Визначено як лікарня для госпіталізації","01998851","КНП СВТГ Роздільнянського району "" Роздільнянська центральна районна лікарня""","67400, Одеська обл., Роздільнянський район, місто Роздільна, ВУЛИЦЯ ЄВРОПЕЙСЬКА, будинок 1","Одеська","15.03.2021 0:00:00","1140","15.03.2021 12:29:19","0","0","0","0","0","0","0","0","0","0","0","0","0","0","0","0","0","0","0","0","0","0","0","0","4","0","0","0","0","2","0","0","0","0","0","7","0","0","0","51","0","377","25","6387","0","649","0","4660","100","70","0","0","0","415","0","8910","100","85","1","10","0","0","0","146","8","0","0","0","1","1","","","","","","","","","","","","","","","","","","","","","","","","","","",""
"596602","Визначено як лікарня для госпіталізації","02007650","КНП ""Старокозацька районна лікарня""","67730, Одеська обл., Білгород-Дністровський район, село Старокозаче, ВУЛИЦЯ ЛІКАРНЯНА, будинок 1","Одеська","15.03.2021 0:00:00","1141","15.03.2021 11:52:56","0","0","0","0","0","0","0","0","0","0","0","0","0","0","0","0","0","0","0","0","0","0","0","0","0","0","0","0","0","1","0","1","0","0","0","4","0","0","0","3","0","85","5","6","0","16","0","230","50","0","0","0","0","20","0","50","20","7","0","23","0","0","0","105","0","0","0","0","1","1","","","","","","","","","","","","","","","","","","","","","","","","","","",""
"595986","Визначено як лікарня для госпіталізації","01998696","КНП ""Білгород-Дністровська центральна районна лікарня "" Білгород-Дністровської районної ради","67700, Одеська обл., місто Білгород-Дністровський, ВУЛ. СВЯТО-ГЕОРГІЇВСЬКА, будинок 4","Одеська","15.03.2021 0:00:00","1142","15.03.2021 8:09:02","0","0","0","0","0","0","0","0","0","0","0","0","0","0","0","0","0","0","0","0","0","0","0","0","0","0","0","0","0","7","0","0","0","0","0","4","0","0","0","85","0","345","5","2825","5","380","0","7200","100","56","0","0","0","415","0","10900","200","325","2","120","0","47","0","3190","0","0","0","0","1","1","","","","","","","","","","","","","","","","","","","","","","","","","","",""
"596261","Визначено як лікарня для госпіталізації","01998880","КП ""Саратська центральна районна лікарня"" Саратської районної ради Одеської області","68200, Одеська обл., Саратський район, селище міського типу Сарата, ВУЛИЦЯ СОБОРНА, будинок 2","Одеська","15.03.2021 0:00:00","1144","15.03.2021 9:33:43","0","0","0","0","0","0","0","0","0","0","0","0","0","0","0","0","0","0","0","0","0","0","0","0","0","0","0","0","0","7","0","0","0","0","0","6","0","0","0","11","0","200","20","980","20","40","20","10000","20","0","0","0","0","790","20","4750","40","22","1","0","0","0","0","270","0","0","0","0","1","0","","","","","","","","","","","","","","","","","","","","","","","","","","",""
"596184","Визначено як лікарня для госпіталізації","01998911","КНП ""Татарбунарська центральна районна лікарня"" Татарбунарської районної ради  Одеської області","68100, Одеська обл., Татарбунарський район, місто Татарбунари, ВУЛИЦЯ РОМАНА ГУЛЬЧЕНКА, будинок 16","Одеська","15.03.2021 0:00:00","1145","15.03.2021 9:14:35","0","0","0","0","0","0","0","0","0","0","0","0","0","0","0","0","0","0","0","0","0","0","0","0","0","0","0","0","0","7","0","0","0","1","0","4","0","0","0","14","0","576","2","365","1","78","2","6720","10","0","0","0","0","484","0","6690","10","425","1","10","0","0","0","1208","0","0","0","5","1","1","","","","","","","","","","","","","","","","","","","","","","","","","","",""
"596665","Визначено як лікарня для госпіталізації","01998555","КНП ""Одеський обласний очний шпиталь інвалідів війни"" ООР","м.Одеса, вул. Белінського,2 (Леонтовича)","Одеська","15.03.2021 0:00:00","1147","15.03.2021 12:37:42","0","0","0","0","0","0","0","0","0","0","0","0","0","0","0","0","0","0","0","0","0","0","0","0","0","0","0","0","0","6","0","0","0","0","0","8","0","0","0","65","0","445","0","1004","0","995","0","8700","0","0","0","0","0","850","0","24000","0","80","1","380","10","0","0","1380","0","0","0","1","1","1","","","","","","","","","","","","","","","","","","","","","","","","","","",""
"596674","Визначено як лікарня для госпіталізації","01998874","КНП ""Савранська центральна районна лікарня"" Савранської районної ради Одеської області","66200, Одеська обл., Савранський район, селище міського типу Саврань, ВУЛИЦЯ СОБОРНА, будинок 15","Одеська","15.03.2021 0:00:00","1148","15.03.2021 12:48:49","0","0","0","0","0","0","0","0","0","0","0","0","0","0","0","0","0","0","0","0","0","0","0","0","0","0","0","0","0","1","0","0","0","0","0","2","0","0","0","7","0","0","0","123","0","155","0","700","0","0","0","0","0","103","0","200","0","11","1","0","0","0","0","464","16","0","0","0","1","0","","","","","","","","","","","","","","","","","","","","","","","","","","",""
"596432","Визначено як лікарня для госпіталізації","01998868","КНП ""Ренійська центральна районна лікарня"" Ренійської районної ради Одеської області","68803, Одеська обл., Ренійський район, місто Рені, ВУЛИЦЯ ДУНАЙСЬКА, будинок 15","Одеська","15.03.2021 0:00:00","1149","15.03.2021 10:38:19","0","0","0","0","0","0","0","0","0","0","0","0","0","0","0","0","0","0","0","0","0","0","0","0","1","0","0","0","0","4","0","0","0","1","0","3","0","0","0","13","0","249","6","950","1","146","1","375","141","0","0","0","0","180","0","5573","7","44","2","0","0","0","0","258","0","0","0","0","1","1","","","","","","","","","","","","","","","","","","","","","","","","","","",""
"596230","Визначено як лікарня для госпіталізації","01998934","КНП ""Ширяївська центральна районна лікарня"" Ширяївської районної ради Одеської області","66800, Одеська обл., Ширяївський район, селище міського типу Ширяєве, ВУЛИЦЯ ГРУШЕВСЬКОГО , будинок 94","Одеська","15.03.2021 0:00:00","1150","15.03.2021 9:26:01","0","0","0","0","0","0","0","0","0","0","0","0","0","0","0","0","0","0","0","0","0","0","0","0","1","0","0","0","0","4","0","1","0","0","0","10","0","0","0","15","0","165","0","95","0","25","0","1600","0","0","0","0","0","130","0","1600","0","114","1","38","0","0","0","530","1","0","0","0","1","0","","","","","","","","","","","","","","","","","","","","","","","","","","",""
"596151","Визначено як лікарня для госпіталізації","01204294","Комунальне некомерційне медичне підприємство ""Кременчуцька міська лікарня ""Правобережна""","вул. Генерала Манагарова, 7","Полтавська","15.03.2021 0:00:00","1152","15.03.2021 9:04:21","0","0","0","0","0","0","0","0","0","0","0","0","0","0","0","0","0","0","0","0","0","0","0","0","1","0","0","0","0","4","0","0","0","0","0","10","0","0","0","17","0","4129","53","3301","3","410","2","31795","405","600","0","0","0","206","1","33867","183","572","2","465","2","0","0","541","0","0","0","0","1","1","","","","","","","","","","","","","","","","","","","","","","","","","","",""
"598167","Визначено як лікарня для госпіталізації","01204377","Комунальне підприємство ""5-а міська клінічна лікарня Полтавської міської ради"" ","м. Полтава, вул. Генерала Духова 6Б","Полтавська","15.03.2021 0:00:00","1154","16.03.2021 9:56:36","0","0","0","0","0","0","0","0","0","0","0","0","0","0","0","0","0","0","0","0","0","0","0","0","18","8","0","0","9","9","0","0","0","0","0","24","0","0","0","26","1","2599","0","7310","41","6890","22","17602","104","0","0","0","0","672","14","34824","109","60","0","1683","3","0","0","0","0","0","0","0","1","1","","","","","","","","","","","","","","","","","","","","","","","","","","",""
"596082","Визначено як лікарня для госпіталізації","01999201","КНП ""Великобагачанська центральна районна лікарня""","смт.Велика Багачка, вул Каштанова,21","Полтавська","15.03.2021 0:00:00","1155","15.03.2021 8:45:27","0","0","0","0","0","0","0","0","0","0","0","0","0","0","0","0","0","0","0","0","0","0","0","0","0","0","1","0","0","5","1","0","0","0","0","5","0","0","0","10","0","3846","44","1358","4","842","4","16885","65","0","0","142","0","84","4","14483","47","48","2","427","3","0","0","800","1","0","0","0","1","1","","","","","","","","","","","","","","","","","","","","","","","","","","",""
"596390","Визначено як лікарня для госпіталізації","01111581","Комунальне підприємство ""3-а міська клінічна лікарня Полтавської міської ради""","36030                                                               м. Полтава,                                                      площа Слави, 2","Полтавська","15.03.2021 0:00:00","1160","15.03.2021 10:22:33","0","0","0","0","0","0","0","0","0","0","0","0","0","0","0","0","0","0","0","0","0","0","0","0","3","0","6","0","1","10","6","0","0","0","0","20","0","0","0","38","1","3729","21","3986","138","7079","274","55750","432","0","0","479","0","0","0","17972","900","570","4","891","0","0","0","9722","9","0","0","0","1","1","","","","","","","","","","","","","","","","","","","","","","","","","","",""
"596191","Визначено як лікарня для госпіталізації","01999265","Комунальне некомерційне підприємство ""Диканська лікарня планового лікування"" Диканської районної ради","38500 Полтавська область,смт.Диканька,вул. Медична,42","Полтавська","15.03.2021 0:00:00","1163","15.03.2021 9:16:26","0","0","0","0","0","0","0","0","0","0","0","0","0","0","0","0","0","0","0","0","0","0","0","0","0","0","0","0","0","3","0","0","0","1","0","4","0","0","0","4","1","340","0","2260","0","1085","0","6350","0","0","0","0","0","292","0","3050","0","88","0","426","2","0","0","221","0","0","0","0","1","1","","","","","","","","","","","","","","","","","","","","","","","","","","",""
"596607","Визначено як лікарня для госпіталізації","01999684","Комунальне підприємство ""Дитяча міська клінічна лікарня Полтавської міської ради""","36004                                                               м. Полтава,                                                      пров.О. Бідного, 2","Полтавська","15.03.2021 0:00:00","1164","15.03.2021 11:55:49","0","0","0","0","0","0","0","0","0","0","0","0","0","0","0","0","0","0","0","0","0","0","0","0","7","0","0","0","1","5","0","2","0","1","0","27","0","0","0","4","1","3772","97","7247","68","1513","30","86712","390","0","0","0","0","1422","0","33444","226","535","1","782","18","0","0","196","16","0","0","0","1","1","","","","","","","","","","","","","","","","","","","","","","","","","","",""
"596182","Визначено як лікарня для госпіталізації","01999276","Комунальне некомерційне підприємство ""Зіньківська центральна районна лікарня"" Зіньківської районної ради Полтавської області","38100 Полтавська область,   м. Зіньків,  вул.Івана Петровського, 21","Полтавська","15.03.2021 0:00:00","1165","15.03.2021 9:13:58","0","0","0","0","0","0","0","0","0","0","0","0","0","0","0","0","0","0","0","0","0","0","0","0","3","0","0","0","0","2","0","0","0","0","0","6","0","0","0","7","0","160","10","280","10","120","0","1020","100","0","0","0","0","100","0","9000","200","88","1","1107","7","0","0","230","0","0","0","0","1","1","","","","","","","","","","","","","","","","","","","","","","","","","","",""
"596409","Визначено як лікарня для госпіталізації","01999320","Комунальне некомерційне підприємство ""Козельщинськая центральна районна лікарня"" Козельщинської районної ради Полтавської області","39100 Полтавська область,  смт. Козельщина,  вул.Монастирська,20","Полтавська","15.03.2021 0:00:00","1166","15.03.2021 10:26:57","0","0","0","0","0","0","0","0","0","0","0","0","0","0","0","0","0","0","0","0","0","0","0","0","0","0","0","0","0","4","0","0","0","0","0","2","0","0","0","3","1","516","44","870","8","130","0","9810","100","0","0","218","0","0","0","8510","100","50","0","0","0","0","0","260","5","0","0","0","1","1","","","","","","","","","","","","","","","","","","","","","","","","","","",""
"596476","Визначено як лікарня для госпіталізації","01999613","Комунальне некомерційне медичне підприємство ""Кременчуцька перша міська лікарня ім.О.Т.Богаєвського""","39617                                                                  Полтавська область                                           м.Кременчук,                                                   вул. Лікаря О.Богаєвського, 60 /1","Полтавська","15.03.2021 0:00:00","1168","15.03.2021 10:52:41","0","0","0","0","0","0","0","0","0","0","0","0","0","0","0","0","0","0","0","0","0","0","0","0","0","0","0","0","0","4","0","0","0","0","0","10","0","0","0","56","0","5494","21","4990","37","3829","11","23955","440","0","0","0","0","915","0","31701","504","3025","0","70","13","0","0","1418","4","0","0","0","1","1","","","","","","","","","","","","","","","","","","","","","","","","","","",""
"596139","Визначено як лікарня для госпіталізації","01999336","Комунальне некомерційне підприємство ""Котелевська центральна районна лікарня"" Котелевської район-ної ради","38600  Полтавська область,  смт. Котельва,вул. Полтавський шлях,283","Полтавська","15.03.2021 0:00:00","1170","15.03.2021 9:01:02","0","0","0","0","0","0","0","0","0","0","0","0","0","0","0","0","0","0","0","0","0","0","0","0","2","0","0","0","0","2","0","0","0","1","0","3","0","0","0","25","0","3772","0","2530","0","3837","0","43600","0","180","0","0","0","193","0","8800","0","249","0","428","0","0","0","1031","0","0","0","0","1","1","","","","","","","","","","","","","","","","","","","","","","","","","","",""
"596081","Визначено як лікарня для госпіталізації","01999342","Комунальне некомерційне підприємство Кременчуцької районної ради ""Кременчуцька центральна районна лікарня""","39763 Полтавська область, Кременчуцький район,с. Камяні Потоки, вул.Центральна,436,","Полтавська","15.03.2021 0:00:00","1171","15.03.2021 8:45:00","0","0","0","0","0","0","0","0","0","0","0","0","0","0","0","0","0","0","0","0","0","0","0","0","2","0","0","0","0","6","0","0","0","0","0","9","0","0","0","3","0","1073","0","3437","2","1199","0","22735","100","491","0","50","0","1021","0","2070","0","85","0","140","19","0","0","0","0","0","0","0","1","0","","","","","","","","","","","","","","","","","","","","","","","","","","",""
"596424","Визначено як лікарня для госпіталізації","01999425","Комунальне некомерційне підприємство ""Новосанжарська центральна районна лікарня Новосанжарської районної ради Полтавської області""","39300                                                                Полтавська область,                                        смт Нові Санжари,                                         вул. Шевченка,51/49","Полтавська","15.03.2021 0:00:00","1173","15.03.2021 10:35:35","0","0","0","0","0","0","0","0","0","0","0","0","0","0","0","0","0","0","0","0","0","0","0","0","0","0","0","0","0","3","0","0","0","0","0","3","0","0","0","3","1","7012","0","2698","0","2781","0","25950","0","0","0","0","0","175","0","17835","0","136","2","393","4","0","0","706","2","0","0","0","1","1","","","","","","","","","","","","","","","","","","","","","","","","","","",""
"596451","Визначено як лікарня для госпіталізації","01999477","Комунальне підприємство ""Полтавська центральна районна клінічна лікарня Полтавської міської ради""","м. Полтава, вул. Стрітенська, 58А","Полтавська","15.03.2021 0:00:00","1175","15.03.2021 10:46:08","0","0","0","0","0","0","0","0","0","0","0","0","0","0","0","0","0","0","0","0","0","0","0","0","4","0","0","0","0","1","0","0","0","0","0","9","0","0","0","15","1","3283","0","6290","54","2381","40","55127","140","0","0","0","0","500","0","52188","106","75","2","273","4","0","0","2202","0","0","0","0","1","1","","","","","","","","","","","","","","","","","","","","","","","","","","",""
"596013","Визначено як лікарня для госпіталізації","01999514","Комунальне некомерційне підприємство ""Хорольська центральна районна лікарня"" Хорольської районної ради Полтавської області","37800                                                  Полтавська область,                              м.Хорол,                                              вул. Михайла Полонського, 11/1","Полтавська","15.03.2021 0:00:00","1176","15.03.2021 8:23:11","0","0","0","0","0","0","0","0","0","0","0","0","0","0","0","0","0","0","0","0","0","0","0","0","2","0","0","0","0","6","0","1","0","1","0","6","0","0","0","7","0","50","0","1650","10","180","0","9950","50","3000","0","0","0","130","0","6450","50","30","0","277","3","0","0","500","0","0","0","0","1","1","","","","","","","","","","","","","","","","","","","","","","","","","","",""
"596378","Визначено як лікарня для госпіталізації","01999537","Комунальне некомерційне підприємство ""Чутівська центральна лікарня""","38800                                                               Полтавська область,                                       смт.Чутове,                                                      вул. Полтавський шлях, 23","Полтавська","15.03.2021 0:00:00","1177","15.03.2021 10:16:05","0","0","0","0","0","0","0","0","0","0","0","0","0","0","0","0","0","0","0","0","0","0","0","0","1","0","0","0","0","2","0","0","0","2","0","16","0","0","0","7","1","207","4","1872","0","9225","26","12784","109","103","0","0","0","222","0","22243","47","189","1","134","2","0","0","100","0","0","0","0","1","1","","","","","","","","","","","","","","","","","","","","","","","","","","",""
"596252","Визначено як лікарня для госпіталізації","01999690","КОМУНАЛЬНЕ ПІДПРИЄМСТВО ""МІСЬКИЙ КЛІНІЧНИЙ ПОЛОГОВИЙ БУДИНОК ПОЛТАВСЬКОЇ МІСЬКОЇ РАДИ""","вул. Олеся Гончара, буд. 27 В","Полтавська","15.03.2021 0:00:00","1181","15.03.2021 9:31:34","0","0","0","0","0","0","0","0","0","0","0","0","0","0","0","0","0","0","0","0","0","0","0","0","4","0","0","0","0","3","0","0","0","1","1","31","0","0","0","11","1","690","0","1220","0","2645","0","12000","0","2200","0","198","0","516","0","11695","0","161","0","339","6","0","0","50","0","0","0","0","1","1","","","","","","","","","","","","","","","","","","","","","","","","","","",""
"596313","Визначено як лікарня для госпіталізації","01999460","Комунальне підприємство ""Пирятинська центральна районна лікарня"" Пирятинської районної ради","37000                                                               Полтавська область,                                       м. Пирятин                                                    вул. Аврушенка,2","Полтавська","15.03.2021 0:00:00","1182","15.03.2021 9:52:27","0","0","0","0","0","0","0","0","0","0","0","0","0","0","0","0","0","0","0","0","0","0","0","0","0","0","0","0","0","6","0","2","0","0","0","2","0","0","0","4","0","102","0","836","0","587","0","19945","0","0","0","0","0","191","0","3050","0","48","0","0","0","0","0","100","0","0","0","0","1","1","","","","","","","","","","","","","","","","","","","","","","","","","","",""
"596249","Визначено як лікарня для госпіталізації","02000228","Комунальне некомерційне підприємство ""Гощанська центральна районна лікарня"" Гощанської районної ради Гощанського району Рівненської області","35400, Рівненська обл., Гощанський район, селище міського типу Гоща, вул Павлова, будинок 1","Рівненська","15.03.2021 0:00:00","1197","15.03.2021 9:30:26","0","0","0","0","0","0","0","0","0","0","0","0","0","0","0","0","0","0","0","0","0","0","0","0","0","0","0","0","0","5","0","0","0","1","0","9","0","0","0","18","1","2286","10","2610","10","4310","10","13800","10","0","0","0","0","280","0","32020","20","181","1","769","1","0","0","682","0","0","0","0","1","1","","","","","","","","","","","","","","","","","","","","","","","","","","",""
"596002","Визначено як лікарня для госпіталізації","01999891","Комунальне некомерційне підприємство ""Демидівська центральна районна лікарня"" Демидівської районної ради","35200, Рівненська обл., Демидівський район, селище міського типу Демидівка, вул. Відродження , будинок 6","Рівненська","15.03.2021 0:00:00","1198","15.03.2021 8:18:17","0","0","0","0","0","0","0","0","0","0","0","0","0","0","0","0","0","0","0","0","0","0","0","0","0","0","0","0","0","3","0","0","0","0","0","2","0","0","0","3","0","192","0","176","0","114","0","3720","100","0","0","0","0","169","0","3417","10","92","1","750","0","0","0","114","0","0","0","0","0","0","","","","","","","","","","","","","","","","","","","","","","","","","","",""
"596578","Визначено як лікарня для госпіталізації","01111032","Комунальне некомерційне підприємство ""Міська лікарня №2"" Рівненської міської ради","33010, Рівненська обл., місто Рівне, вул. Олександра Олеся , будинок 13","Рівненська","15.03.2021 0:00:00","1199","15.03.2021 11:41:51","0","0","0","0","0","0","0","0","0","0","0","0","0","0","0","0","0","0","0","0","0","0","0","0","0","0","0","0","0","6","0","0","0","0","0","6","0","0","0","12","0","1000","30","900","0","1100","15","10800","150","400","0","20","0","150","0","14000","150","160","10","697","3","0","0","1000","4","0","0","0","1","1","","","","","","","","","","","","","","","","","","","","","","","","","","",""
"596365","Визначено як лікарня для госпіталізації","02000105","Комунальне некомерційне підприємство ""Здолбунівська центральна районна лікарня"" Здолбунівської районної ради","35701, Рівненська обл., Здолбунівський район, місто Здолбунів, вул. Степана Бандери, будинок 1","Рівненська","15.03.2021 0:00:00","1201","15.03.2021 10:12:27","0","0","0","0","0","0","0","0","0","0","0","0","0","0","0","0","0","0","0","0","0","0","0","0","3","1","0","0","1","4","0","0","0","0","0","4","0","0","0","31","0","1747","53","2165","33","130","0","2905","125","0","0","0","0","301","0","3372","147","161","3","34","1","0","0","2313","0","0","0","0","1","1","","","","","","","","","","","","","","","","","","","","","","","","","","",""
"596514","Визначено як лікарня для госпіталізації","01999788","Комунальне некомерційне підприємство ""Дубровицька центральна районна лікарня"" Дубровицької районної ради","34100, Рівненська обл., Дубровицький район, місто Дубровиця, вул. Воробинська, 180","Рівненська","15.03.2021 0:00:00","1203","15.03.2021 11:08:15","0","0","0","0","0","0","0","0","0","0","0","0","0","0","0","0","0","0","0","0","0","0","0","0","0","0","0","0","0","6","0","1","0","0","0","7","0","0","0","27","0","2400","10","0","0","990","7","5950","100","1030","0","0","0","196","0","12000","200","297","2","29","3","0","0","250","0","0","0","0","1","1","","","","","","","","","","","","","","","","","","","","","","","","","","",""
"596604","Визначено як лікарня для госпіталізації","02000234","Комунальне некомерційне підприємство ""Зарічненська багатопрофільна лікарня Зарічненської селищної ради Вараського району Рівненської області"" ","34000, Рівненська обл., Зарічненський район, селище міського типу Зарічне, вул.Аерофлотська, будинок 15","Рівненська","15.03.2021 0:00:00","1204","15.03.2021 11:53:08","0","0","0","0","0","0","0","0","0","0","0","0","0","0","0","0","0","0","0","0","0","0","0","0","0","0","0","0","0","4","0","0","0","0","1","9","0","0","0","10","0","850","40","1220","20","209","0","15500","40","0","0","0","0","128","0","10530","40","372","2","754","1","0","0","542","0","0","0","0","1","1","","","","","","","","","","","","","","","","","","","","","","","","","","",""
"595984","Визначено як лікарня для госпіталізації","02000168","Комунальне некомерційне підприємство ""Рівненська центральна районна лікарня"" Рівненської районної ради","35312, Рівненська обл., Рівненський район, селище міського типу Клевань, вул. Центральна, будинок 1","Рівненська","15.03.2021 0:00:00","1208","15.03.2021 8:07:40","0","0","0","0","0","0","0","0","0","0","0","0","0","0","0","0","0","0","0","0","0","0","0","0","0","0","0","0","0","7","0","1","0","1","0","7","0","0","1","54","1","600","10","690","20","470","20","7000","100","1100","100","70","10","80","10","51800","200","85","5","35","1","0","0","246","0","0","0","0","1","1","","","","","","","","","","","","","","","","","","","","","","","","","","",""
"596681","Визначено як лікарня для госпіталізації","03067009","Комунальне підприємство “Рівненська обласна дитяча лікарня” Рівненської обласної ради","вул. Київська, 60, м. Рівне, 33027","Рівненська","15.03.2021 0:00:00","1210","15.03.2021 12:54:10","0","0","0","0","0","0","0","0","0","0","0","0","0","0","0","0","0","0","0","0","0","0","0","0","0","0","0","0","0","0","0","15","4","4","5","7","0","0","0","3","1","1100","10","90","6","1000","0","6800","20","0","0","0","0","132","0","5700","30","82","0","0","0","0","0","180","0","0","0","5","1","1","","","","","","","","","","","","","","","","","","","","","","","","","","",""
"595978","Визначено як лікарня для госпіталізації","01999810","Комунальне некомерційне підприємство ""Березнівська центральна районна лікарня"" Березнівської районної ради","34600, Рівненська обл., Березнівський район, місто Березне, вул Київська, будинок 19","Рівненська","15.03.2021 0:00:00","1216","15.03.2021 8:02:48","0","0","0","0","0","0","0","0","0","0","0","0","0","0","0","0","0","0","0","0","0","0","0","0","0","0","0","0","0","4","0","0","0","1","0","5","0","0","0","3","0","1373","0","1741","0","446","0","286","0","1120","0","0","0","246","0","1000","0","195","0","0","0","0","0","110","0","0","0","0","1","1","","","","","","","","","","","","","","","","","","","","","","","","","","",""
"596221","Визначено як лікарня для госпіталізації","02000270","Комунальне некомерційне підприємство ""Корецька центральна районна лікарня"" Корецької районної ради Рівненської області","34700, Рівненська обл., Корецький район, місто Корець, вул. Володимирська, будинок 14А","Рівненська","15.03.2021 0:00:00","1217","15.03.2021 9:24:08","0","0","0","0","0","0","0","0","0","0","0","0","0","0","0","0","0","0","0","0","0","0","0","0","0","0","0","0","0","4","0","0","0","0","0","2","0","0","0","1","0","518","4","10","0","14","0","13150","80","500","0","0","0","145","0","3450","80","36","0","0","0","0","0","112","0","0","0","4","1","1","","","","","","","","","","","","","","","","","","","","","","","","","","",""
"596452","Визначено як лікарня для госпіталізації","01999833","Комунальне некомерційне підприємство ""Острозька центральна районна лікарня"" Острозької районної ради Рівненської області","35866, Рівненська обл., Острозький район, село Розваж, вул. Каштанова, будинок 104","Рівненська","15.03.2021 0:00:00","1221","15.03.2021 10:46:30","0","0","0","0","0","0","0","0","0","0","0","0","0","0","0","0","0","0","0","0","0","0","0","0","1","0","0","0","0","4","0","0","0","1","0","2","0","0","0","13","0","3974","6","0","2","136","3","15650","40","0","0","0","4","70","0","10380","40","138","3","747","2","0","0","1875","0","0","0","0","1","1","","","","","","","","","","","","","","","","","","","","","","","","","","",""
"596438","Визначено як лікарня для госпіталізації","02007495","КНП Буринської районної ради «Буринська центральна районна лікарня ім. професора М.П.Новаченка»","41700  Сумська область, 
м. Буринь, вул. Кутузова, 15
buryn.crl@gmail.com","Сумська","15.03.2021 0:00:00","1222","15.03.2021 10:40:51","0","0","0","0","0","0","0","0","0","0","0","0","0","0","0","0","0","0","0","0","0","0","0","0","0","0","0","0","0","2","0","0","0","0","0","2","0","0","0","8","0","364","0","3550","0","362","0","6520","60","0","0","0","0","286","0","170","0","15","0","157","0","0","0","90","0","0","0","0","1","0","","","","","","","","","","","","","","","","","","","","","","","","","","",""
"596213","Визначено як лікарня для госпіталізації","02007503","КНП «Великописарівська центральна районна лікарня» Великописарівської районної ради","42800  Сумська область,
смт. Велика Писарівка, вул.Коцюбинського,5
vpsrcrb@i.ua","Сумська","15.03.2021 0:00:00","1223","15.03.2021 9:22:50","0","0","0","0","0","0","0","0","0","0","0","0","0","0","0","0","0","0","0","0","0","0","0","0","0","0","0","0","0","1","0","0","0","0","0","2","0","0","0","2","0","140","0","44","0","81","0","1930","0","0","0","0","0","45","0","1630","0","4","0","28","0","0","0","254","0","0","0","0","1","0","","","","","","","","","","","","","","","","","","","","","","","","","","",""
"596201","Визначено як лікарня для госпіталізації","02007517","КНП «Глухівська міська лікарня» Глухівської міської ради","41400 Сумська область, м. Глухів, вул. Інститутська, 3      gcrl@i.ua","Сумська","15.03.2021 0:00:00","1224","15.03.2021 9:19:07","0","0","0","0","0","0","0","0","0","0","0","0","0","0","0","0","0","0","0","0","0","0","0","0","0","0","0","0","0","1","0","0","0","0","0","5","0","0","1","74","0","257","0","555","0","529","0","290","5","5880","0","0","0","307","0","2650","10","30","5","0","0","0","0","0","0","0","0","0","1","0","","","","","","","","","","","","","","","","","","","","","","","","","","",""
"595940","Визначено як лікарня для госпіталізації","02007555","Комунальна установа Лебединська центральна районна лікарня імені лікаря К.О. Зільберника","вул. Першогвардійська, 17","Сумська","15.03.2021 0:00:00","1226","15.03.2021 7:04:48","0","0","0","0","0","0","0","0","0","0","0","0","0","0","0","0","0","0","0","0","0","0","0","0","0","0","1","0","0","5","1","0","0","0","0","4","7","0","0","28","1","129","2","1520","15","250","10","5840","20","0","0","0","0","159","0","7530","30","78","1","1348","1","0","0","4403","0","0","0","0","1","1","","","","","","","","","","","","","","","","","","","","","","","","","","",""
"596359","Визначено як лікарня для госпіталізації","02000300","КНП СМР  ""Клінічна лікарня №4""","вул.Праці, 3","Сумська","15.03.2021 0:00:00","1229","15.03.2021 10:11:16","0","0","0","0","0","0","0","0","0","0","0","0","0","0","0","0","0","0","0","0","0","0","0","0","0","0","2","0","0","5","2","0","0","1","0","4","0","0","0","18","0","125","2","1180","0","990","9","67603","225","0","0","1761","9","268","3","3060","80","259","2","6","0","0","0","0","0","0","0","0","1","1","","","","","","","","","","","","","","","","","","","","","","","","","","",""
"596129","Визначено як лікарня для госпіталізації","02000317","КНП «Клінічна лікарня № 5» Сумської міської ради","40007  м. Суми, вул. М.Вовчок, 2
gor506@ ukr.net","Сумська","15.03.2021 0:00:00","1230","15.03.2021 8:58:06","0","0","0","0","0","0","0","0","0","0","0","0","0","0","0","0","0","0","0","0","0","0","0","0","0","0","4","0","0","16","4","0","0","0","0","23","0","0","1","119","1","0","0","8860","50","3365","0","20965","200","0","0","0","0","958","0","25905","700","100","5","0","0","0","0","0","0","0","0","0","1","1","","","","","","","","","","","","","","","","","","","","","","","","","","",""
"596131","Визначено як лікарня для госпіталізації","02007526","КНП «Краснопільська центральна районна лікарня» Краснопільської районної ради","42400  Сумська область,
смт. Краснопілля, вул. Лермонтова, 39
krasnopcrl@ukr.net","Сумська","15.03.2021 0:00:00","1234","15.03.2021 8:58:19","0","0","0","0","0","0","0","0","0","0","0","0","0","0","0","0","0","0","0","0","0","0","0","0","0","0","0","0","0","1","0","0","0","0","1","5","0","0","0","7","0","272","0","1056","2","112","0","18896","16","0","0","0","0","132","0","3703","35","56","1","0","0","0","0","0","0","0","0","2","1","0","","","","","","","","","","","","","","","","","","","","","","","","","","",""
"596362","Визначено як лікарня для госпіталізації","01981498","КНП ""Сумська центральна районна клінічна лікарня""","м.Суми, вул Марка Вовчок, 2","Сумська","15.03.2021 0:00:00","1235","15.03.2021 10:11:31","0","0","0","0","0","0","0","0","0","0","0","0","0","0","0","0","0","0","0","0","0","0","0","0","1","0","0","0","0","3","0","0","0","0","0","17","0","0","0","28","1","449","0","4576","25","533","2","25820","103","0","0","0","0","323","6","7638","75","322","1","89","7","0","0","400","0","0","0","0","1","1","","","","","","","","","","","","","","","","","","","","","","","","","","",""
"596296","Визначено як лікарня для госпіталізації","04528425","КНП ""Шосткинська дитяча лікарня""","м. Шостка  вул. Марата,23","Сумська","15.03.2021 0:00:00","1236","15.03.2021 9:47:19","0","0","0","0","0","0","0","0","0","0","0","0","0","0","0","0","0","0","0","0","0","0","0","0","0","0","0","0","0","0","0","1","0","0","0","1","0","0","0","3","0","31","0","14","0","25","0","100","20","63","0","0","0","51","0","100","10","2","0","0","0","0","0","50","0","0","0","1","1","0","","","","","","","","","","","","","","","","","","","","","","","","","","",""
"596066","Визначено як лікарня для госпіталізації","01981520","КНП «Ямпільська центральна районна лікарня» Ямпільської районної ради","41200 Сумська область, cмт Ямпіль, вул. Незалежна, 38Yampol-CRL@i.ua","Сумська","15.03.2021 0:00:00","1237","15.03.2021 8:37:50","0","0","0","0","0","0","0","0","0","0","0","0","0","0","0","0","0","0","0","0","0","0","0","0","0","0","0","0","0","0","0","0","0","0","1","5","0","0","0","7","0","315","0","381","0","0","0","6850","200","600","0","0","0","268","0","350","0","15","0","0","0","0","0","0","0","0","0","0","1","0","","","","","","","","","","","","","","","","","","","","","","","","","","",""
"596547","Визначено як лікарня для госпіталізації","02007472","КНП Охтирської міської ради «Охтирська центральна районна лікарня»","42700 Сумська область,  
м. Охтирка, вул.Петропавлівська,15
okzcrl@ukr.net","Сумська","15.03.2021 0:00:00","1238","15.03.2021 11:23:30","0","0","0","0","0","0","0","0","0","0","0","0","0","0","0","0","0","0","0","0","0","0","0","0","4","0","0","0","0","0","0","0","0","0","0","17","0","0","1","23","0","179","0","2506","0","3386","75","19903","716","1040","0","0","0","431","3","20139","898","400","10","2","0","0","0","2888","16","0","0","0","1","1","","","","","","","","","","","","","","","","","","","","","","","","","","",""
"596344","Визначено як лікарня для госпіталізації","02000381","КНП СОР ""Сумська обласна клінічна лікарня""","м.Суми, вул.Ковпака, 18","Сумська","15.03.2021 0:00:00","1239","15.03.2021 10:04:50","0","0","0","0","0","0","0","0","0","0","0","0","0","0","0","0","0","0","0","0","0","0","0","0","3","3","1","0","3","2","1","0","0","0","0","0","0","0","1","79","0","340","0","4199","0","1201","0","12025","0","3560","102","0","0","715","0","49009","90","641","5","217","3","0","0","453","0","0","0","0","1","1","","","","","","","","","","","","","","","","","","","","","","","","","","",""
"596325","Визначено як лікарня для госпіталізації","02000375","КНП СОР ""Сумський обласний клінічний госпіталь ветеранів війни""","м. Суми, вул. Ковпака, 24","Сумська","15.03.2021 0:00:00","1241","15.03.2021 9:55:36","0","0","0","0","0","0","0","0","0","0","0","0","0","0","0","0","0","0","0","0","0","0","0","0","2","2","0","0","2","3","0","0","0","2","0","4","0","0","0","74","1","770","0","1720","10","730","10","9380","100","0","0","184","0","188","0","11300","100","266","1","1840","0","0","0","100","0","0","0","0","1","1","","","","","","","","","","","","","","","","","","","","","","","","","","",""
"596160","Визначено як лікарня для госпіталізації","02007561","КНП «Липоводолинська центральна районна лікарня» Липоводолинської районної ради","42500  Сумська область, 
смт. Липова Долина, вул.Лікарняна,3
ldol_crl@ukrpost.ua","Сумська","15.03.2021 0:00:00","1243","15.03.2021 9:07:36","0","0","0","0","0","0","0","0","0","0","0","0","0","0","0","0","0","0","0","0","0","0","0","0","0","0","0","0","0","1","0","0","0","1","2","2","0","0","0","5","0","980","0","274","0","130","0","20000","0","700","0","0","0","305","0","2600","0","99","0","13","0","0","0","47","0","0","0","0","1","0","","","","","","","","","","","","","","","","","","","","","","","","","","",""
"596281","Визначено як лікарня для госпіталізації","02007578","КНП «Недригайлівська центральна районна лікарня» Недригайлівської районної ради","42100 Сумська область,
смт. Недригайлів, вул. Шкільна, 12
nedr_crl2017@ukr.net","Сумська","15.03.2021 0:00:00","1244","15.03.2021 9:40:22","0","0","0","0","0","0","0","0","0","0","0","0","0","0","0","0","0","0","0","0","0","0","0","0","0","0","0","0","0","1","0","0","0","0","0","3","0","0","0","5","0","17","0","385","0","40","0","4768","490","510","0","0","0","146","0","6933","439","137","0","0","0","0","0","170","0","0","0","0","1","1","","","","","","","","","","","","","","","","","","","","","","","","","","",""
"596214","Визначено як лікарня для госпіталізації","01981483","КНП «Середино-Будська центральна районна лікарня» Середино-Будської районної ради","41000, Сумська область,
м. Середина-Буда, вул. Вокзальна, 26
sbudbol1@meta.ua","Сумська","15.03.2021 0:00:00","1248","15.03.2021 9:22:57","0","0","0","0","0","0","0","0","0","0","0","0","0","0","0","0","0","0","0","0","0","0","0","0","0","0","0","0","0","1","0","0","0","0","0","2","0","0","0","10","0","55","0","870","0","230","0","10100","100","0","0","0","0","95","0","5000","0","47","0","5","0","0","0","6","0","0","0","0","1","0","","","","","","","","","","","","","","","","","","","","","","","","","","",""
"596698","Визначено як лікарня для госпіталізації","02000719","КНП ""Вишнівецька районна комунальна лікарня"" Вишнівецької селищної ради","смт Вишнівець, вул. Замкова, 2","Тернопільська","15.03.2021 0:00:00","1250","15.03.2021 13:15:13","0","0","0","0","0","0","0","0","0","0","0","0","0","0","0","0","0","0","0","0","0","0","0","0","0","0","0","0","0","2","0","0","0","1","0","0","0","0","0","1","0","12","2","40","1","35","3","700","75","0","0","10","0","40","10","100","5","5","1","0","0","0","0","25","0","0","0","0","1","1","","","","","","","","","","","","","","","","","","","","","","","","","","",""
"596190","Визначено як лікарня для госпіталізації","02000754","КНП ""Залозецька районна лікарня"" Залозецької селищної ради","смт Залізці, вул. Шевченка, 56","Тернопільська","15.03.2021 0:00:00","1251","15.03.2021 9:16:23","0","0","0","0","0","0","0","0","0","0","0","0","0","0","0","0","0","0","0","0","0","0","0","0","0","0","0","0","0","3","0","0","0","0","0","0","0","0","0","3","0","0","0","120","0","220","0","700","0","100","0","0","0","12","0","400","0","6","1","10","0","0","0","1000","0","0","0","1","1","1","","","","","","","","","","","","","","","","","","","","","","","","","","",""
"596414","Визначено як лікарня для госпіталізації","02000702","КНП ""Збаразька центральна лікарня"" Збаразької міської ради","47302, Тернопільська область, Збаразький район, м. Збараж, вул. Павлова, буд. 2","Тернопільська","15.03.2021 0:00:00","1252","15.03.2021 10:28:24","0","0","0","0","0","0","0","0","0","0","0","0","0","0","0","0","0","0","0","0","0","0","0","0","0","0","0","0","0","5","0","1","0","2","0","10","0","0","0","21","0","330","5","530","0","315","0","1250","50","60","0","208","0","232","0","2800","0","10","2","1992","11","0","0","1851","13","0","0","0","1","1","","","","","","","","","","","","","","","","","","","","","","","","","","",""
"596366","Визначено як лікарня для госпіталізації","02000748","Зборівська центральна районна лікарня","м.Зборів, вул. Б.Хмельницького, буд.17","Тернопільська","15.03.2021 0:00:00","1253","15.03.2021 10:12:28","0","0","0","0","0","0","0","0","0","0","0","0","0","0","0","0","0","0","0","0","0","0","0","0","0","0","0","0","0","4","0","1","0","2","0","6","0","0","0","17","0","270","20","130","20","1430","30","4400","300","0","0","0","0","80","0","5200","300","14","2","1990","3","0","0","394","0","0","0","0","1","1","","","","","","","","","","","","","","","","","","","","","","","","","","",""
"596394","Визначено як лікарня для госпіталізації","02001015","КНП Теребовлянської районної ради ""Теребовлянська центральна районна лікарня""","48100, Тернопільська область, Теребовлянський район,  вул. Січових Стрільців, буд.25,м. Теребовля","Тернопільська","15.03.2021 0:00:00","1255","15.03.2021 10:23:29","0","0","0","0","0","0","0","0","0","0","0","0","0","0","0","0","0","0","0","0","0","0","0","0","3","0","0","0","0","3","0","1","0","0","0","9","0","0","0","17","1","858","6","912","4","1270","5","4360","110","0","0","162","4","0","0","1050","50","13","1","1827","10","0","0","200","0","0","0","0","1","1","","","","","","","","","","","","","","","","","","","","","","","","","","",""
"596413","Визначено як лікарня для госпіталізації","02001305","Комунальна установа Тернопільської обласної ради ""Тернопільська обласна дитяча клінічна лікарня"" лікарня""","м. Тернопіль вул.Академіка Сахарова, буд.2","Тернопільська","15.03.2021 0:00:00","1256","15.03.2021 10:27:36","0","0","0","0","0","0","0","0","0","0","0","0","0","0","0","0","0","0","0","0","0","0","0","0","0","0","0","0","0","0","0","4","0","2","0","9","0","0","0","2","0","0","0","0","0","31","0","2880","0","200","0","0","0","31","0","0","0","31","0","0","0","0","0","0","0","0","0","0","1","1","","","","","","","","","","","","","","","","","","","","","","","","","","",""
"596671","Визначено як лікарня для госпіталізації","02001274","КНП ""Тернопільський обласний клінічний онкологічний диспансер"" Тернопільської обласної ради","м. Тернопіль вул. Р.Купчинського, буд.8","Тернопільська","15.03.2021 0:00:00","1257","15.03.2021 12:47:36","0","0","0","0","0","0","0","0","0","0","0","0","0","0","0","0","0","0","0","0","0","0","0","0","0","0","0","0","0","6","0","0","0","0","0","6","0","0","0","2","0","46","0","44","0","96","0","700","0","0","0","0","0","142","0","400","0","125","0","0","0","0","0","0","0","0","0","0","1","1","","","","","","","","","","","","","","","","","","","","","","","","","","",""
"596270","Визначено як лікарня для госпіталізації","02000613","КНП ""Копичинецька комунальна районна лікарня"" Гусятинської районної ради","Гусятинський район м.Копичинці, вул. Шевченка,  буд. 106","Тернопільська","15.03.2021 0:00:00","1258","15.03.2021 9:37:29","0","0","0","0","0","0","0","0","0","0","0","0","0","0","0","0","0","0","0","0","0","0","0","0","0","0","0","0","0","1","0","0","0","1","0","3","0","0","1","4","0","80","0","250","0","30","0","1750","0","1160","0","0","0","140","0","1202","0","0","0","0","0","0","0","0","0","0","0","0","1","1","","","","","","","","","","","","","","","","","","","","","","","","","","",""
"596465","Визначено як лікарня для госпіталізації","02001334","КНП ,,Міська комунальна лікарня №3” Тернопільської міської ради","46027, Тернопільська обл.,","Тернопільська","15.03.2021 0:00:00","1259","15.03.2021 10:49:30","0","0","0","0","0","0","0","0","0","0","0","0","0","0","0","0","0","0","0","0","0","0","0","0","6","0","0","0","0","3","0","0","0","1","0","8","0","0","0","72","1","990","30","10280","30","1220","10","23400","200","200","0","120","0","77","2","4200","100","289","3","0","0","0","0","11960","0","0","0","0","1","1","","","","","","","","","","","","","","","","","","","","","","","","","","",""
"596600","Визначено як лікарня для госпіталізації","02000441","КНП ,,Підгаєцька центральна районна  лікарня” Підгаєцької районної ради;","48000, Тернопільська обл., Підгаєцький район, м. Підгайці, вул. Т.Шевченка, буд. 19","Тернопільська","15.03.2021 0:00:00","1260","15.03.2021 11:52:03","0","0","0","0","0","0","0","0","0","0","0","0","0","0","0","0","0","0","0","0","0","0","0","0","2","0","0","0","0","3","0","0","0","0","0","5","0","0","0","12","1","1922","0","906","0","353","0","13764","60","124","30","24","0","30","0","4460","60","76","0","36","0","0","0","350","5","0","0","0","1","1","","","","","","","","","","","","","","","","","","","","","","","","","","",""
"596577","Визначено як лікарня для госпіталізації","05497361","КОМУНАЛЬНЕ НЕКОМЕРЦІЙНЕ ПІДПРИЄМСТВО ""ТЕРНОПІЛЬСЬКА КОМУНАЛЬНА МІСЬКА ЛІКАРНЯ №2""","вул.Р.Купчинського, буд. 14","Тернопільська","15.03.2021 0:00:00","1261","15.03.2021 11:41:23","0","0","0","0","0","0","0","0","0","0","0","0","0","0","0","0","0","0","0","0","0","0","0","0","0","0","3","0","0","4","3","0","0","0","0","0","0","0","0","56","1","85","0","90","0","1025","0","32240","0","0","0","0","0","255","0","1100","0","360","0","295","0","0","0","1848","0","0","0","0","1","1","","","","","","","","","","","","","","","","","","","","","","","","","","",""
"596258","Визначено як лікарня для госпіталізації","02001216","КНП ""Шумська центральна районна лікарня"" Шумської районної ради","47100,Тернопільська область, Шумський район, м.Шумськ, вул.Енергетична,буд.1","Тернопільська","15.03.2021 0:00:00","1262","15.03.2021 9:33:07","0","0","0","0","0","0","0","0","0","0","0","0","0","0","0","0","0","0","0","0","0","0","0","0","5","0","0","0","0","2","0","0","0","0","0","10","0","0","0","17","1","28","0","1895","5","25","0","4400","50","0","0","0","0","104","1","4900","50","5","2","1987","3","0","0","314","9","0","0","0","1","1","","","","","","","","","","","","","","","","","","","","","","","","","","",""
"596335","Визначено як лікарня для госпіталізації","02000501","Комунальне некомерційне підприємство ""Мельнице - Подільська селищна лікарня""","48751, Тернопільська обл. Борщівський р-н., смт.Мельниця - Подільська., вул.Незалежності,24","Тернопільська","15.03.2021 0:00:00","1264","15.03.2021 9:59:36","0","0","0","0","0","0","0","0","0","0","0","0","0","0","0","0","0","0","0","0","0","0","0","0","0","0","0","0","0","1","0","0","0","0","0","0","0","0","0","0","0","10","0","50","0","20","0","170","0","20","0","0","0","0","0","40","0","6","0","4","0","0","0","282","0","0","0","0","1","1","","","","","","","","","","","","","","","","","","","","","","","","","","",""
"595958","Визначено як лікарня для госпіталізації","02001280","Тернопільська обласна комунальна клінічна психоневрологічна лікарня","м. Тернопіль вул. Тролейбусна,14","Тернопільська","15.03.2021 0:00:00","1265","15.03.2021 7:34:55","0","0","0","0","0","0","0","0","0","0","0","0","0","0","0","0","0","0","0","0","0","0","0","0","0","0","0","0","0","0","0","0","0","0","0","0","0","0","0","1","0","0","0","0","0","0","0","0","0","0","0","0","0","0","0","0","0","0","0","0","0","0","0","0","0","0","0","0","1","0","","","","","","","","","","","","","","","","","","","","","","","","","","",""
"596431","Визначено як лікарня для госпіталізації","02000665","КНП ""Товстенська селищна лікарня"" Товстенської селищної ради","смт Товсте, вул.Робітнича, 1","Тернопільська","15.03.2021 0:00:00","1268","15.03.2021 10:37:22","0","0","0","0","0","0","0","0","0","0","0","0","0","0","0","0","0","0","0","0","0","0","0","0","0","0","0","0","0","0","0","0","0","0","0","2","0","0","0","5","0","26","0","225","0","83","0","510","30","0","0","0","0","76","0","370","0","4","0","0","0","0","0","70","0","0","0","0","1","0","","","","","","","","","","","","","","","","","","","","","","","","","","",""
"596371","Визначено як лікарня для госпіталізації","02003304","Комунальне некомерційне підприємство Ізюмської міської ради ""Центральна міська лікарня Піщанської Богоматері""","64300, Харківська область, м.Ізюм, провулок Залікарняний 2","Харківська","15.03.2021 0:00:00","1283","15.03.2021 10:14:16","0","0","0","0","0","0","0","0","0","0","0","0","0","0","0","0","0","0","0","0","0","0","0","0","1","0","0","0","0","5","0","1","0","3","0","5","0","0","0","69","1","497","0","1965","10","1295","0","14406","300","0","0","0","0","340","0","7510","500","508","10","704","14","0","0","69","0","0","0","0","1","1","","","","","","","","","","","","","","","","","","","","","","","","","","",""
"596143","Визначено як лікарня для госпіталізації","02003563","Комунальне некомерційне підприємство Харківської Обласної Ради «Обласна клінічна лікарня»","61058, Харківська обл., м. Харків, пр. Нузалежності, буд.13","Харківська","15.03.2021 0:00:00","1304","15.03.2021 9:01:41","0","0","0","0","0","0","0","0","0","0","0","0","0","0","0","0","0","0","0","0","0","0","0","0","3","0","9","0","0","23","9","16","6","8","18","94","0","0","1","84","1","289","0","3780","0","213","0","68611","0","974","0","17","0","85","0","22832","0","7175","0","49","0","0","0","110","0","0","0","0","1","1","","","","","","","","","","","","","","","","","","","","","","","","","","",""
"596520","Визначено як лікарня для госпіталізації","02010184","Комунальне некомерційне підприємство Харківської Обласної Ради «Обласна клінічна травматологічна лікарня»","61176, Харківська обл., м. Харків, Немишлянський район, Шосе Салтівське, буд.266, корпус В","Харківська","15.03.2021 0:00:00","1306","15.03.2021 11:12:21","0","0","0","0","0","0","0","0","0","0","0","0","0","0","0","0","0","0","0","0","0","0","0","0","0","0","0","0","0","3","0","1","0","0","7","11","0","0","0","118","0","30","0","507","0","186","0","9200","100","0","0","0","0","774","0","9300","100","40","5","1470","1","0","0","0","0","0","0","5","1","0","","","","","","","","","","","","","","","","","","","","","","","","","","",""
"596467","Визначено як лікарня для госпіталізації","02003617","КОМУНАЛЬНЕ НЕКОМЕРЦІЙНЕ ПІДПРИЄМСТВО ХАРКІВСЬКОЇ ОБЛАСНОЇ РАДИ ""ОБЛАСНИЙ ГОСПІТАЛЬ ВЕТЕРАНІВ ВІЙНИ""","61019, м.Харків, вул.Врубеля, 42-А","Харківська","15.03.2021 0:00:00","1307","15.03.2021 10:51:13","0","0","0","0","0","0","0","0","0","0","0","0","0","0","0","0","0","0","0","0","0","0","0","0","7","0","0","0","0","0","0","0","0","1","0","10","0","0","0","123","1","819","0","1937","0","800","0","82500","0","0","0","350","0","0","0","61500","0","300","0","793","0","0","0","0","0","0","0","0","1","0","","","","","","","","","","","","","","","","","","","","","","","","","","",""
"596192","Визначено як лікарня для госпіталізації","02004054","КНП ""Новотроїцька центральна районна лікарня""","75300,Херсонська обл.,смт Новотроїцьк вул. Соборна, 105","Херсонська","15.03.2021 0:00:00","1336","15.03.2021 9:16:53","0","0","0","0","0","0","0","0","0","0","0","0","0","0","0","0","0","0","0","0","0","0","0","0","0","0","0","0","0","4","0","1","0","1","0","3","0","0","0","11","0","500","0","500","0","35","0","5500","0","200","0","0","0","185","0","700","0","165","0","344","0","0","0","1132","0","0","0","0","1","1","","","","","","","","","","","","","","","","","","","","","","","","","","",""
"596609","Визначено як лікарня для госпіталізації","01983814","КНП ""Херсонська міська клінічна лікарня ім.Є.Є.Карабелеша""","м. Херсон,73003         пр.Ушакова, 22/1","Херсонська","15.03.2021 0:00:00","1337","15.03.2021 11:57:05","0","0","0","0","0","0","0","0","0","0","0","0","0","0","0","0","0","0","0","0","0","0","0","0","2","0","0","0","0","8","0","0","0","3","3","15","0","0","0","86","1","3253","30","482","50","110","200","11200","800","0","0","30","0","14","0","0","0","2116","16","4759","174","0","0","8473","243","0","0","0","1","1","","","","","","","","","","","","","","","","","","","","","","","","","","",""
"596034","Визначено як лікарня для госпіталізації","02004097","КНП ""Чаплинська  районна лікарня""","75200,Херсонська обл.,смт. Чаплинка вул. Космонавтів, 21","Херсонська","15.03.2021 0:00:00","1338","15.03.2021 8:29:57","0","0","0","0","0","0","0","0","0","0","0","0","0","0","0","0","0","0","0","0","0","0","0","0","0","0","0","0","0","4","0","0","0","0","0","2","0","0","0","48","0","425","0","250","0","245","0","11100","0","0","0","0","0","200","0","2360","0","16","0","253","0","0","0","0","0","0","0","0","1","1","","","","","","","","","","","","","","","","","","","","","","","","","","",""
"596328","Визначено як лікарня для госпіталізації","02003929","КП ""Білозерська центральна районна лікарня""","75000, Херсонська обл.,смт Білозерка вул.Свободи, 192","Херсонська","15.03.2021 0:00:00","1339","15.03.2021 9:57:04","0","0","0","0","0","0","0","0","0","0","0","0","0","0","0","0","0","0","0","0","0","0","0","0","0","0","0","0","0","7","0","0","0","1","0","8","0","0","0","28","1","300","0","1130","0","630","0","2000","0","0","0","0","0","90","0","12100","0","230","0","0","3","0","0","0","0","0","0","0","1","1","","","","","","","","","","","","","","","","","","","","","","","","","","",""
"595962","Визначено як лікарня для госпіталізації","02004048","КНП""Нововоронцовська центральна районна лікарня""","74200,Херсонська обл.,смт Н.Воронцовка, вул. Гагаріна, 64","Херсонська","15.03.2021 0:00:00","1342","15.03.2021 7:45:21","0","0","0","0","0","0","0","0","0","0","0","0","0","0","0","0","0","0","0","0","0","0","0","0","0","0","0","0","0","0","0","0","0","0","0","0","0","0","0","0","0","545","3","1038","2","61","0","9903","80","0","0","0","0","70","0","1350","50","31","1","46","1","0","0","1000","8","0","0","0","1","0","","","","","","","","","","","","","","","","","","","","","","","","","","",""
"596605","Визначено як лікарня для госпіталізації","01983766","КНП ""Херсонський обласний госпіталь ветеранів війни"" ХОР","м.Херсон,73003, пр-т Ушакова,65","Херсонська","15.03.2021 0:00:00","1344","15.03.2021 11:53:57","0","0","0","0","0","0","0","0","0","0","0","0","0","0","0","0","0","0","0","0","0","0","0","0","6","0","0","0","0","1","0","0","0","0","0","3","0","0","0","58","0","1400","0","1925","0","1695","0","17143","0","0","0","0","0","569","0","10400","0","108","0","247","0","0","0","234","0","0","0","0","1","1","","","","","","","","","","","","","","","","","","","","","","","","","","",""
"596051","Визначено як лікарня для госпіталізації","02004031","КНП ""Нижньосірогозька центральна районна лікарня""","74701,Херсонська обл.смт Н.Сірогози,         вул.Таврійська, 1","Херсонська","15.03.2021 0:00:00","1348","15.03.2021 8:32:48","0","0","0","0","0","0","0","0","0","0","0","0","0","0","0","0","0","0","0","0","0","0","0","0","0","0","0","0","0","0","0","0","0","0","0","8","0","0","0","10","0","93","3","10","0","5","2","154","6","169","6","0","0","30","0","0","6","10","0","165","2","0","0","0","3","0","0","0","0","0","","","","","","","","","","","","","","","","","","","","","","","","","","",""
"596291","Визначено як лікарня для госпіталізації","02004189","КНП Віньковецька ЦРЛ","смт.Віньківці, вул. Першотравнева, 6","Хмельницька","15.03.2021 0:00:00","1356","15.03.2021 9:45:11","0","0","0","0","0","0","0","0","0","0","0","0","0","0","0","0","0","0","0","0","0","0","0","0","1","0","0","0","0","3","0","0","0","0","0","2","0","0","0","6","0","64","10","85","3","3","0","2800","30","200","0","54","2","50","0","2540","30","13","2","37","0","0","0","1025","0","0","0","0","1","1","","","","","","","","","","","","","","","","","","","","","","","","","","",""
"596633","Визначено як лікарня для госпіталізації","02004195","КНП ""Волочиська центральна районна лікарня""","м.Волочиськ, вул. Незалежності, буд. 68","Хмельницька","15.03.2021 0:00:00","1357","15.03.2021 12:09:16","0","0","0","0","0","0","0","0","0","0","0","0","0","0","0","0","0","0","0","0","0","0","0","0","1","0","0","0","0","2","0","0","0","1","0","5","0","0","0","7","0","390","50","370","38","902","32","4274","216","0","0","0","0","272","0","5506","285","60","3","1402","22","0","0","372","18","0","0","0","1","1","","","","","","","","","","","","","","","","","","","","","","","","","","",""
"596673","Визначено як лікарня для госпіталізації","02004216","Комунальне некомерційне підприємство ""Городоцька  центральна районна лікарня""  Городоцької районної ради Хмельницької області","32000, Хмельницька обл., Городоцький р-н, м. Городок, вул. Шевченка, 40","Хмельницька","15.03.2021 0:00:00","1358","15.03.2021 12:48:28","0","0","0","0","0","0","0","0","0","0","0","0","0","0","0","0","0","0","0","0","0","0","0","0","2","0","0","0","0","3","0","0","0","1","0","16","0","0","0","20","0","50","50","50","50","25","25","50","50","0","0","10","10","10","10","50","50","2","2","93","0","0","0","84","0","0","0","0","1","1","","","","","","","","","","","","","","","","","","","","","","","","","","",""
"596268","Визначено як лікарня для госпіталізації","02004226","Комунальне підприємство ""Деражнянська центральна районна лікарня Хмельницької області""","32000, Хмельницька область, місто Деражня, вулиця Подільська, 1","Хмельницька","15.03.2021 0:00:00","1359","15.03.2021 9:36:20","0","0","0","0","0","0","0","0","0","0","0","0","0","0","0","0","0","0","0","0","0","0","0","0","2","0","0","0","0","4","0","1","0","0","0","1","0","0","0","5","0","316","5","593","0","0","0","3651","100","0","0","0","0","101","0","3892","108","24","1","0","0","0","0","137","0","0","0","0","1","1","","","","","","","","","","","","","","","","","","","","","","","","","","",""
"596597","Визначено як лікарня для госпіталізації","02004309","Комунальне некомерційне підприємство ""Ізяславська центральна районна лікарня""","30300, Хмельницька область, м. Ізяслав, вул. Б.Хмельницького, 47","Хмельницька","15.03.2021 0:00:00","1362","15.03.2021 11:50:38","0","0","0","0","0","0","0","0","0","0","0","0","0","0","0","0","0","0","0","0","0","0","0","0","4","0","0","0","1","2","0","0","0","0","0","6","0","0","0","16","0","140","20","3000","20","160","20","6400","100","90","20","0","0","235","0","1500","200","120","10","42","1","0","0","930","6","0","0","0","1","1","","","","","","","","","","","","","","","","","","","","","","","","","","",""
"596196","Визначено як лікарня для госпіталізації","02004806","КНП ""Кам’янець-Подільська міська лікарня"" КПМР","м.Кам’янець-Подільський, вул.Пушкінська, 31","Хмельницька","15.03.2021 0:00:00","1363","15.03.2021 9:17:39","0","0","0","0","0","0","0","0","0","0","0","0","0","0","0","0","0","0","0","0","0","0","0","0","1","0","2","0","0","2","2","0","0","5","0","4","0","0","0","15","1","865","15","2330","20","18","0","18900","300","0","0","49","1","0","0","31000","200","54","1","0","0","0","0","35","5","0","0","0","1","1","","","","","","","","","","","","","","","","","","","","","","","","","","",""
"596612","Визначено як лікарня для госпіталізації","02004829","Комунальне некомерційне підприємство ""Кам'янець-Подільська центральна районна лікарня""","32300, Хмельницька обл., Кам'янець-Подільський р-н, 
с. Мукша Китайгородська, 
вул. Матросова, 30","Хмельницька","15.03.2021 0:00:00","1364","15.03.2021 12:01:55","0","0","0","0","0","0","0","0","0","0","0","0","0","0","0","0","0","0","0","0","0","0","0","0","0","0","0","0","0","6","0","0","0","0","0","11","0","0","0","23","0","2830","60","2315","135","510","8","30700","700","0","0","0","0","589","0","9730","520","546","0","294","10","0","0","6898","111","0","0","0","1","1","","","","","","","","","","","","","","","","","","","","","","","","","","",""
"596664","Визначено як лікарня для госпіталізації","02004350","КНП КРАСИЛІВСЬКА ЦЕНТРАЛЬНА РАЙОННА ЛІКАРНЯ КРАСИЛІВСЬКОЇ РАЙОННОЇ РАДИ ХМЕЛЬНИЦЬКОЇ ОБЛАСТІ","м. Красилів, вул. Грушевського, буд. 140","Хмельницька","15.03.2021 0:00:00","1365","15.03.2021 12:36:53","0","0","0","0","0","0","0","0","0","0","0","0","0","0","0","0","0","0","0","0","0","0","0","0","1","0","1","0","0","5","1","0","0","1","0","6","0","0","0","16","0","330","100","400","0","400","0","5900","0","150","0","0","0","30","0","4000","2000","10","15","634","24","0","0","131","0","0","0","0","1","1","","","","","","","","","","","","","","","","","","","","","","","","","","",""
"596350","Визначено як лікарня для госпіталізації","02004367","КНП ""Летичівська ЦРЛ""","смт. Летичів, вул. Савіцького Юрія, 36","Хмельницька","15.03.2021 0:00:00","1366","15.03.2021 10:07:17","0","0","0","0","0","0","0","0","0","0","0","0","0","0","0","0","0","0","0","0","0","0","0","0","1","0","0","0","0","3","0","0","0","1","0","4","0","0","0","9","1","125","10","307","5","72","10","3320","60","0","0","0","0","111","1","95","5","5","1","1170","0","0","0","318","0","0","0","0","1","1","","","","","","","","","","","","","","","","","","","","","","","","","","",""
"596247","Визначено як лікарня для госпіталізації","02004404","КНП ""Полонська ЦРЛ ім.Н.С.Говорун""","м.Полонне, вул.Лесі Українки,177","Хмельницька","15.03.2021 0:00:00","1367","15.03.2021 9:29:55","0","0","0","0","0","0","0","0","0","0","0","0","0","0","0","0","0","0","0","0","0","0","0","0","1","0","1","0","0","5","1","0","0","2","0","5","0","0","0","22","0","170","3","900","10","185","2","10250","20","200","0","0","0","290","0","4200","20","4","0","797","0","0","0","1190","30","0","0","0","1","1","","","","","","","","","","","","","","","","","","","","","","","","","","",""
"596455","Визначено як лікарня для госпіталізації","05481104","КНП ""ХМЕЛЬНИЦЬКА ЦЕНТРАЛЬНА РАЙОННА ЛІКАРНЯ"" ХМЕЛЬНИЦЬКОГО РАЙОНУ","с. Масівці, вул. Центральна, буд. 29","Хмельницька","15.03.2021 0:00:00","1368","15.03.2021 10:47:25","0","0","0","0","0","0","0","0","0","0","0","0","0","0","0","0","0","0","0","0","0","0","0","0","0","0","0","0","0","6","0","0","0","1","0","8","0","0","0","19","0","50","0","200","0","50","0","2000","0","0","0","0","0","50","0","1000","0","15","0","101","0","0","0","220","0","0","0","5","0","1","","","","","","","","","","","","","","","","","","","","","","","","","","",""
"596608","Визначено як лікарня для госпіталізації","02004522","КНП ""ЧЕМЕРОВЕЦЬКА ЦЕНТРАЛЬНА РАЙОННА ЛІКАРНЯ"" ЧЕМЕРОВЕЦЬКОЇ РАЙОННОЇ РАДИ","смт Чемерівці, вул. Пирогова, буд. 1","Хмельницька","15.03.2021 0:00:00","1369","15.03.2021 11:56:02","0","0","0","0","0","0","0","0","0","0","0","0","0","0","0","0","0","0","0","0","0","0","0","0","0","0","0","0","0","13","0","1","0","1","0","11","0","0","0","24","1","286","10","417","18","436","0","5085","90","0","0","0","0","179","0","2881","95","31","2","999","7","0","0","112","26","0","0","0","1","1","","","","","","","","","","","","","","","","","","","","","","","","","","",""
"596462","Визначено як лікарня для госпіталізації","02004812","Комунальне некомерційне підприємство  ""Шепетівська центральна районна лікарня"" Шепетівської районної ради Хмельницької області","30421, Хмельницька обл., Шепетівський р-н, с. Плесна, вул. Миру, 50а","Хмельницька","15.03.2021 0:00:00","1370","15.03.2021 10:48:50","0","0","0","0","0","0","0","0","0","0","0","0","0","0","0","0","0","0","0","0","0","0","0","0","10","3","0","0","4","4","0","0","0","1","2","11","0","0","0","27","0","200","0","2409","50","425","30","6623","100","0","0","0","0","544","0","7040","120","43","5","1391","9","0","0","2016","18","0","0","0","1","1","","","","","","","","","","","","","","","","","","","","","","","","","","",""
"596619","Визначено як лікарня для госпіталізації","02004746","Комунальне підприємство ""Хмельницький міський перинатальний центр"" Хмельницької міської ради","29016, Хмельницька обл., м. Хмельницький,вул. Хотовицького, 6","Хмельницька","15.03.2021 0:00:00","1372","15.03.2021 12:03:39","0","0","0","0","0","0","0","0","0","0","0","0","0","0","0","0","0","0","0","0","0","0","0","0","0","0","0","0","0","6","0","0","0","0","0","10","0","0","0","4","1","240","0","1060","4","564","3","15600","400","0","0","0","0","214","0","15100","300","172","2","595","0","450","0","0","0","0","0","0","1","1","","","","","","","","","","","","","","","","","","","","","","","","","","",""
"596280","Визначено як лікарня для госпіталізації","02004479","Комунальне некомерційне підприємство ""Старокостянтинівська центральна районна лікарня"" Старокостянтинівської районної ради Хмельницької області","31100, Хмельницька обл., 
м. Старокостянтинів,
вул. Пушкіна, 47","Хмельницька","15.03.2021 0:00:00","1375","15.03.2021 9:40:18","0","0","0","0","0","0","0","0","0","0","0","0","0","0","0","0","0","0","0","0","0","0","0","0","4","2","0","0","2","2","0","0","0","0","0","4","0","0","0","10","0","1161","59","785","15","55","37","4369","171","96","0","15","0","282","0","2657","259","1508","4","1292","6","0","0","103","0","0","0","0","1","1","","","","","","","","","","","","","","","","","","","","","","","","","","",""
"596369","Визначено як лікарня для госпіталізації","02774384","КП ХМЕЛЬНИЦЬКА МІСЬКА ЛІКАРНЯ ХМЕЛЬНИЦЬКОЇ МІСЬКОЇ РАДИ","м. Хмельницький, провул. Проскурівський, 1","Хмельницька","15.03.2021 0:00:00","1379","15.03.2021 10:13:40","0","0","0","0","0","0","0","0","0","0","0","0","0","0","0","0","0","0","0","0","0","0","0","0","6","6","0","0","6","8","0","0","0","0","0","11","0","0","1","70","1","2800","150","73000","200","3000","200","17000","400","0","0","0","0","0","0","10000","400","1500","50","4500","0","1000","0","1000","0","0","0","0","1","1","","","","","","","","","","","","","","","","","","","","","","","","","","",""
"596565","Визначено як лікарня для госпіталізації","02004580","КНП ""Хмельницький обласний заклад з надання психіатричної допомоги"" Хмельницької обласної ради","с. Скаржинці Ярмолинецького району Хмельницької області","Хмельницька","15.03.2021 0:00:00","1382","15.03.2021 11:34:43","0","0","0","0","0","0","0","0","0","0","0","0","0","0","0","0","0","0","0","0","0","0","0","0","2","0","0","0","0","3","0","0","0","0","0","2","0","0","0","10","0","50","15","205","15","110","15","15500","200","0","0","0","0","766","0","645","15","290","10","938","8","0","0","277","1","0","0","0","1","0","","","","","","","","","","","","","","","","","","","","","","","","","","",""
"595968","Визначено як лікарня для госпіталізації","02005355","КНП „Городищенське районне територіальне об’єднання“ Городищенської районної ради","Черкаська область, м. Городище, вул. Героїв Чорнобиля,19","Черкаська","15.03.2021 0:00:00","1387","15.03.2021 7:55:15","0","0","0","0","0","0","0","0","0","0","0","0","0","0","0","0","0","0","0","0","0","0","0","0","2","0","0","0","0","4","0","0","0","0","0","3","0","0","0","118","0","308","2","1440","0","50","0","3690","340","145","0","0","0","172","0","6600","90","68","1","17","5","0","0","1880","8","0","0","0","1","1","","","","","","","","","","","","","","","","","","","","","","","","","","",""
"596400","Визначено як лікарня для госпіталізації","02005378","КНП ""Жашівська центральна районна лікарня"" Жашківської районної ради","м. Жашків, вул. Лікарняна, 19","Черкаська","15.03.2021 0:00:00","1391","15.03.2021 10:24:26","0","0","0","0","0","0","0","0","0","0","0","0","0","0","0","0","0","0","0","0","0","0","0","0","0","0","0","0","0","1","0","1","0","0","4","6","0","0","0","97","1","1850","0","2282","30","965","65","9175","1110","0","0","0","0","251","0","6450","2200","45","10","35","8","0","0","3597","0","0","0","0","1","0","","","","","","","","","","","","","","","","","","","","","","","","","","",""
"595974","Визначено як лікарня для госпіталізації","02005384","КНП ''Звенигородська центральна районна лікарня''Звенигородської районної ради","м. Звенигородка, вул. Героїв небесної сотні, #79","Черкаська","15.03.2021 0:00:00","1392","15.03.2021 7:59:52","0","0","0","0","0","0","0","0","0","0","0","0","0","0","0","0","0","0","0","0","0","0","0","0","0","0","1","0","0","4","1","0","0","0","0","4","0","0","0","147","1","434","0","1391","0","79","0","7360","0","0","0","36","0","0","0","300","0","130","10","20","0","0","0","190","0","0","0","0","1","0","","","","","","","","","","","","","","","","","","","","","","","","","","",""
"596035","Визначено як лікарня для госпіталізації","02005310","КНП ""Кам'янська ЦРЛ""","20800, Черкаська обл., м.Кам'янка, вул.Покровська, 90","Черкаська","15.03.2021 0:00:00","1393","15.03.2021 8:30:30","0","0","0","0","0","0","0","0","0","0","0","0","0","0","0","0","0","0","0","0","0","0","0","0","1","0","0","0","0","1","0","0","0","1","0","4","0","0","0","120","0","1248","4","693","46","351","0","14584","109","0","0","0","0","205","2","4643","81","3","1","138","0","0","0","0","0","0","0","0","0","1","","","","","","","","","","","","","","","","","","","","","","","","","","",""
"596071","Визначено як лікарня для госпіталізації","02005326","КНП „Канівська центральна районна лікарня“ Канівської районної ради","Черкаська область, 
м. Канів, 
вул. Успенська,15","Черкаська","15.03.2021 0:00:00","1394","15.03.2021 8:40:56","0","0","0","0","0","0","0","0","0","0","0","0","0","0","0","0","0","0","0","0","0","0","0","0","0","0","2","0","0","6","2","0","0","0","0","4","0","0","0","100","1","930","178","600","40","960","120","12000","700","40","0","0","0","770","0","7800","1200","100","0","215","0","0","0","645","0","0","0","0","1","0","","","","","","","","","","","","","","","","","","","","","","","","","","",""
"596321","Визначено як лікарня для госпіталізації","02005409","КНП ""Смілянська БЛ ім.С.Бобринської""","Черкаська обл., м.Сміла, вул.Софіївська,2","Черкаська","15.03.2021 0:00:00","1396","15.03.2021 9:54:18","0","0","0","0","0","0","0","0","0","0","0","0","0","0","0","0","0","0","0","0","0","0","0","0","0","0","0","0","0","3","0","1","0","0","2","7","0","0","0","49","1","115","5","625","5","205","10","5900","300","50","0","0","0","372","0","17900","300","50","0","2","0","0","0","550","0","0","0","3","1","1","","","","","","","","","","","","","","","","","","","","","","","","","","",""
"595965","Визначено як лікарня для госпіталізації","02004947","КНП „Перша Черкаська міська лікарня“ Черкаської міської ради","м. Черкаси, 
вул. Дахнівська, 32","Черкаська","15.03.2021 0:00:00","1397","15.03.2021 7:50:03","0","0","0","0","0","0","0","0","0","0","0","0","0","0","0","0","0","0","0","0","0","0","0","0","0","0","1","0","0","5","1","0","0","1","0","22","0","0","0","78","0","3545","0","7855","0","2370","17","6872","4","4380","0","952","0","302","0","14683","40","20","4","105","0","0","0","1940","0","0","0","0","1","1","","","","","","","","","","","","","","","","","","","","","","","","","","",""
"596127","Визначено як лікарня для госпіталізації","02005450","КНП «Тальнівська ЦРЛ» Черкаської області","М. Тальне, 20401, вул.. Небесної Сотні 65-а","Черкаська","15.03.2021 0:00:00","1398","15.03.2021 8:57:44","0","0","0","0","0","0","0","0","0","0","0","0","0","0","0","0","0","0","0","0","0","0","0","0","4","0","0","0","0","2","0","0","0","0","0","6","0","0","0","100","1","677","0","1604","0","470","0","5725","0","1058","0","0","0","195","0","3700","0","55","0","100","0","0","0","100","0","0","0","0","1","0","","","","","","","","","","","","","","","","","","","","","","","","","","",""
"596487","Визначено як лікарня для госпіталізації","05503705","Комунальне некомерційне підприємство ""Третя Черкаська міська лікарня швидкої медичної допомоги""","18028 м. Черкаси, вул. Cамійла Кішки, 210","Черкаська","15.03.2021 0:00:00","1399","15.03.2021 10:56:53","0","0","0","0","0","0","0","0","0","0","0","0","0","0","0","0","0","0","0","0","0","0","0","0","8","0","0","0","0","1","0","0","0","0","0","34","0","0","0","78","1","2029","70","8910","100","1015","100","54029","270","2000","0","0","0","1620","75","25444","400","1714","4","605","0","0","0","5740","26","0","0","0","1","0","","","","","","","","","","","","","","","","","","","","","","","","","","",""
"596001","Визначено як лікарня для госпіталізації","02004999","КНП „Черкаська міська дитяча лікарня“ Черкаської міської ради","м. Черкаси, вул. Олени Теліги, 4","Черкаська","15.03.2021 0:00:00","1402","15.03.2021 8:17:48","0","0","0","0","0","0","0","0","0","0","0","0","0","0","0","0","0","0","0","0","0","0","0","0","0","0","0","0","0","0","0","6","0","0","0","7","0","0","0","6","1","4732","3","679","0","378","0","14976","37","100","0","0","0","358","0","9838","60","423","1","0","0","0","0","1769","0","0","0","0","1","1","","","","","","","","","","","","","","","","","","","","","","","","","","",""
"596643","Визначено як лікарня для госпіталізації","02005289","КОМУНАЛЬНЕ НЕКОМЕРЦІЙНЕ ПІДПРИЄМСТВО ""ЧИГИРИНСЬКА БАГАТОПРОФІЛЬНА ЛІКАРНЯ"" ЧИГИРИНСЬКОЇ РАЙОННОЇ РАДИ","м. Чигирин, вул. Замкова, буд. 90","Черкаська","15.03.2021 0:00:00","1408","15.03.2021 12:14:51","0","0","0","0","0","0","0","0","0","0","0","0","0","0","0","0","0","0","0","0","0","0","0","0","0","0","0","0","0","2","0","0","0","0","0","3","0","0","0","101","1","180","0","120","0","454","0","2200","50","0","0","0","0","72","0","2350","50","10","0","50","0","0","0","700","0","0","0","0","1","1","","","","","","","","","","","","","","","","","","","","","","","","","","",""
"596052","Визначено як лікарня для госпіталізації","02005349","КНП „Корсунь – Шевченківська центральна районна лікарня“ Корсунь – Шевченківської районної ради","Черкаська область,
м. Корсунь – Шевченківський, вул. Ярослава Мудрого, 146","Черкаська","15.03.2021 0:00:00","1411","15.03.2021 8:32:55","0","0","0","0","0","0","0","0","0","0","0","0","0","0","0","0","0","0","0","0","0","0","0","0","3","0","0","0","0","5","0","0","0","0","0","3","0","0","0","94","1","60","10","310","10","44","0","7140","100","50","0","0","0","298","0","9820","200","50","2","65","0","0","0","384","0","0","0","0","1","1","","","","","","","","","","","","","","","","","","","","","","","","","","",""
"596032","Визначено як лікарня для госпіталізації","02005415","КНП ""Лисянська ЦРЛ""","смт.Лисянка вул.М.Грушевського,51","Черкаська","15.03.2021 0:00:00","1412","15.03.2021 8:29:44","0","0","0","0","0","0","0","0","0","0","0","0","0","0","0","0","0","0","0","0","0","0","0","0","0","0","0","0","0","2","0","0","0","0","0","6","0","0","0","92","0","204","24","112","24","180","20","2400","164","0","0","0","0","52","0","2514","64","5","2","0","0","0","0","5","5","0","0","2","1","1","","","","","","","","","","","","","","","","","","","","","","","","","","",""
"596240","Визначено як лікарня для госпіталізації","02005421","КНП ""Маньківська центральна районна лікарня"" Маньківської райооної ради Черкаської області","Смт. Маньківка, вул. Павлова, 16","Черкаська","15.03.2021 0:00:00","1413","15.03.2021 9:28:03","0","0","0","0","0","0","0","0","0","0","0","0","0","0","0","0","0","0","0","0","0","0","0","0","0","0","0","0","0","4","0","0","0","0","0","5","0","0","0","125","1","160","10","2850","40","450","30","2510","140","0","0","0","0","9","0","2050","50","66","3","70","0","0","0","325","10","0","0","3","1","0","","","","","","","","","","","","","","","","","","","","","","","","","","",""
"596689","Визначено як лікарня для госпіталізації","02005390","КНП ""Монастирищенська центральна районна лікарня"" Монастирищенської районної ради Черкаської області","вул. Соборна,1, м. Монастирище  Черкаської області 19100","Черкаська","15.03.2021 0:00:00","1414","15.03.2021 12:58:39","0","0","0","0","0","0","0","0","0","0","0","0","0","0","0","0","0","0","0","0","0","0","0","0","0","0","0","0","0","4","0","0","0","1","0","6","0","0","0","154","0","400","0","162","3","117","2","1125","25","30","0","35","0","13","0","700","33","6","0","11","0","0","0","0","0","0","0","0","1","0","","","","","","","","","","","","","","","","","","","","","","","","","","",""
"596075","Визначено як лікарня для госпіталізації","02005026","КНП „Смілянська міська лікарня“ Смілянської міської ради","Черкаська область, 
м. Сміла, 
вул. Героїв Холодноярців, 82","Черкаська","15.03.2021 0:00:00","1415","15.03.2021 8:42:02","0","0","0","0","0","0","0","0","0","0","0","0","0","0","0","0","0","0","0","0","0","0","0","0","0","0","0","0","0","4","0","0","0","0","0","2","0","0","0","107","0","60","5","15","5","60","0","8760","20","0","0","0","0","75","0","3740","30","14","1","1","0","0","0","0","0","0","0","4","1","0","","","","","","","","","","","","","","","","","","","","","","","","","","",""
"596343","Визначено як лікарня для госпіталізації","02005467","Комунальне некомерційне підприємство ""Уманська центральна районна лікарня"" Уманської районної ради","вул.Київська, 50, с.Родниківка, Уманський район,  20324","Черкаська","15.03.2021 0:00:00","1416","15.03.2021 10:04:09","0","0","0","0","0","0","0","0","0","0","0","0","0","0","0","0","0","0","0","0","0","0","0","0","3","0","0","0","0","4","0","1","0","0","0","7","0","0","0","127","1","1180","10","2750","20","2430","20","11400","0","0","0","0","0","341","0","21400","200","45","3","2","0","0","0","236","0","0","0","1","1","1","","","","","","","","","","","","","","","","","","","","","","","","","","",""
"595976","Визначено як лікарня для госпіталізації","02005473","КНП ""Христинівська ЦРЛ"" Христинівської районної ради","20001, м. Христинівка, вул. Б.Хмельницького,2","Черкаська","15.03.2021 0:00:00","1417","15.03.2021 8:01:43","0","0","0","0","0","0","0","0","0","0","0","0","0","0","0","0","0","0","0","0","0","0","0","0","0","0","0","0","0","0","0","0","0","0","0","1","0","0","0","87","0","280","10","245","5","65","5","3085","25","205","0","0","0","82","0","565","15","10","1","151","0","0","0","1908","0","0","0","0","1","0","","","","","","","","","","","","","","","","","","","","","","","","","","",""
"595953","Визначено як лікарня для госпіталізації","02005711","КНП «Заставнівська центральна районна лікарня»","Чернівецька область, Заставнівський район, місто Заставна, вулиця Незалежності, 111","Чернівецька","15.03.2021 0:00:00","1419","15.03.2021 7:29:39","0","0","0","0","0","0","0","0","0","0","0","0","0","0","0","0","0","0","0","0","0","0","0","0","1","0","0","0","0","7","0","0","0","1","0","6","0","0","0","24","0","638","15","3667","10","562","5","8070","25","6430","0","0","0","151","0","7554","60","367","5","604","6","0","0","1650","19","0","0","0","1","1","","","","","","","","","","","","","","","","","","","","","","","","","","",""
"596685","Визначено як лікарня для госпіталізації","02005763","Комунальна медична установа ""Міська клінічна лікарня №3""","вул. Головна, 100","Чернівецька","15.03.2021 0:00:00","1422","15.03.2021 12:57:34","0","0","0","0","0","0","0","0","0","0","0","0","0","0","0","0","0","0","0","0","0","0","0","0","0","0","0","0","0","5","0","0","0","0","0","10","0","0","0","32","1","2627","6","1543","27","584","38","78500","189","2000","0","0","0","1074","0","4431","60","120","3","693","6","0","0","2396","0","0","0","0","1","0","","","","","","","","","","","","","","","","","","","","","","","","","","",""
"596211","Визначено як лікарня для госпіталізації","05481412","КНП ""Чернівецький обласний перинатальний центр""","м.Чернівці, вул.Головна,129","Чернівецька","15.03.2021 0:00:00","1424","15.03.2021 9:21:50","0","0","0","0","0","0","0","0","0","0","0","0","0","0","0","0","0","0","0","0","0","0","0","0","4","0","0","0","0","0","0","1","0","0","0","4","0","0","0","3","1","7","3","278","22","38","10","3814","46","0","0","0","0","25","12","418","162","18","1","597","17","0","0","512","8","0","0","0","1","1","","","","","","","","","","","","","","","","","","","","","","","","","","",""
"596615","Визначено як лікарня для госпіталізації","43288841","ОКНП ""ЧЕРНІВЕЦЬКА ОБЛАСНА ПСИХІАТРИЧНА ЛІКАРНЯ""","вул. Мусоргського, 2","Чернівецька","15.03.2021 0:00:00","1427","15.03.2021 12:03:00","0","0","0","0","0","0","0","0","0","0","0","0","0","0","0","0","0","0","0","0","0","0","0","0","0","0","0","0","0","4","0","0","0","0","0","6","0","0","0","42","0","100","2","100","3","7","0","4300","100","0","0","0","0","15","0","3300","200","13","5","75","0","0","0","278","6","0","0","0","1","0","","","","","","","","","","","","","","","","","","","","","","","","","","",""
"596707","Визначено як лікарня для госпіталізації","02005697","""Вижницька багатопрофільна лікарня інтенсивного лікування"" Вижницької міської ради","Чернівецька область, Вижницький район, місто Вижниця, вулиця Й.Бурги, 5","Чернівецька","15.03.2021 0:00:00","1429","15.03.2021 15:50:40","0","0","0","0","0","0","0","0","0","0","0","0","0","0","0","0","0","0","0","0","0","0","0","0","0","0","0","0","0","4","0","2","0","0","0","7","0","0","0","14","1","2900","20","2120","20","1150","20","18720","20","2450","25","66","0","184","0","14350","50","120","5","108","0","0","0","3600","0","0","0","0","1","1","","","","","","","","","","","","","","","","","","","","","","","","","","",""
"596336","Визначено як лікарня для госпіталізації","02005757","КНП «Міська дитяча клінічна лікарня»","місто Чернівці, вулиця Буковинська, 4","Чернівецька","15.03.2021 0:00:00","1430","15.03.2021 9:59:58","0","0","0","0","0","0","0","0","0","0","0","0","0","0","0","0","0","0","0","0","0","0","0","0","0","0","0","0","0","0","0","6","0","0","0","6","0","0","0","5","1","1095","0","130","0","26","0","3814","0","0","0","0","0","244","0","11387","0","7","0","745","2","0","0","0","0","0","0","6","1","1","","","","","","","","","","","","","","","","","","","","","","","","","","",""
"596444","Визначено як лікарня для госпіталізації","02005846","Комунальний заклад ""Путильська центральна районна лікарня"" Путильської районної ради Путильського району Чернівецької області","смт Путила, вул. Українська, буд. 38","Чернівецька","15.03.2021 0:00:00","1432","15.03.2021 10:43:02","0","0","0","0","0","0","0","0","0","0","0","0","0","0","0","0","0","0","0","0","0","0","0","0","1","0","2","0","0","5","2","0","0","1","0","3","0","0","0","28","0","4950","10","6120","0","770","0","135000","0","0","0","0","0","1380","0","1030","0","26","0","509","0","0","0","1800","10","0","0","0","1","1","","","","","","","","","","","","","","","","","","","","","","","","","","",""
"596228","Визначено як лікарня для госпіталізації","02006159","КНП «Бахмацька центральна районна лікарня» Бахмацької районної ради","16500, Чернігівська обл., Бахмацький район, м. Бахмач, вул. Соборності, 66","Чернігівська","15.03.2021 0:00:00","1438","15.03.2021 9:25:35","0","0","0","0","0","0","0","0","0","0","0","0","0","0","0","0","0","0","0","0","0","0","0","0","1","0","0","0","0","2","0","0","0","1","0","5","0","0","0","55","0","4400","0","1123","0","115","0","28270","0","350","0","20","0","370","0","3150","0","87","0","0","0","0","0","89","0","0","0","0","1","0","","","","","","","","","","","","","","","","","","","","","","","","","","",""
"596274","Визначено як лікарня для госпіталізації","02006343","КНП «Менська центральна районна лікарня» Менської районної ради","15600, Чернігівська обл., Менський район, м. Мена, вул. Шевченка, 61","Чернігівська","15.03.2021 0:00:00","1443","15.03.2021 9:38:06","0","0","0","0","0","0","0","0","0","0","0","0","0","0","0","0","0","0","0","0","0","0","0","0","1","0","0","0","0","5","0","0","0","0","0","1","0","0","0","32","0","127","0","2009","6","412","0","7180","1211","360","0","15","0","327","11","2105","30","34","1","932","11","0","0","1039","21","0","0","0","1","0","","","","","","","","","","","","","","","","","","","","","","","","","","",""
"596639","Визначено як лікарня для госпіталізації","02006596","КНП «Чернігівська міська лікарня №1» Чернігівської міської ради","Україна, 14005, Чернігівська обл., місто Чернігів, ПРОСПЕКТ МИРУ, будинок 44","Чернігівська","15.03.2021 0:00:00","1445","15.03.2021 12:12:00","0","0","0","0","0","0","0","0","0","0","0","0","0","0","0","0","0","0","0","0","0","0","0","0","1","0","0","0","0","4","0","0","0","1","0","6","0","0","1","48","1","110","0","7335","120","460","10","14770","320","60","0","0","0","764","1","30580","210","546","3","309","70","0","0","6472","32","0","0","2","1","0","","","","","","","","","","","","","","","","","","","","","","","","","","",""
"596275","Визначено як лікарня для госпіталізації","02006113","КНП «Чернігівська обласна лікарня» Чернігівської обласної ради","вул. Волковича, буд. 25","Чернігівська","15.03.2021 0:00:00","1446","15.03.2021 9:38:07","0","0","0","0","0","0","0","0","0","0","0","0","0","0","0","0","0","0","0","0","0","0","0","0","1","0","1","0","0","7","1","0","0","0","0","12","0","0","1","22","1","35","0","1891","0","182","40","3260","700","2500","50","20","0","308","0","1500","0","195","4","598","47","0","0","228","7","0","0","0","1","1","","","","","","","","","","","","","","","","","","","","","","","","","","",""
"596356","Визначено як лікарня для госпіталізації","02006171","КНП «Бобровицька центральна районна лікарня» Бобровицької районної ради","17400, Чернігівська обл., Бобровицький район, м. Бобровиця, вул. Олега Бичка, 1","Чернігівська","15.03.2021 0:00:00","1453","15.03.2021 10:09:47","0","0","0","0","0","0","0","0","0","0","0","0","0","0","0","0","0","0","0","0","0","0","0","0","0","0","2","0","0","6","2","0","0","0","0","3","0","0","0","20","0","69","10","355","44","180","20","590","90","200","20","0","0","67","45","2400","200","24","1","15","0","0","0","348","0","0","0","0","1","0","","","","","","","","","","","","","","","","","","","","","","","","","","",""
"596348","Визначено як лікарня для госпіталізації","02006389","КНП «Ніжинська центральна районна лікарня» Ніжинської районної ради","16600, Чернігівська обл., м. Ніжин, вул. Академіка Амосова, 1","Чернігівська","15.03.2021 0:00:00","1460","15.03.2021 10:05:35","0","0","0","0","0","0","0","0","0","0","0","0","0","0","0","0","0","0","0","0","0","0","0","0","0","0","0","0","0","2","0","0","0","2","0","1","0","0","0","28","0","1127","10","347","12","70","10","17800","50","300","0","0","0","65","0","2300","20","200","6","108","0","0","0","50","5","0","0","0","1","1","","","","","","","","","","","","","","","","","","","","","","","","","","",""
"596159","Визначено як лікарня для госпіталізації","02006455","КНП «Прилуцька центральна районна лікарня» Прилуцької районної ради","м. Прилуки, кул. Київська, буд. 98, 17500","Чернігівська","15.03.2021 0:00:00","1462","15.03.2021 9:07:06","0","0","0","0","0","0","0","0","0","0","0","0","0","0","0","0","0","0","0","0","0","0","0","0","0","0","0","0","0","4","0","0","0","0","0","2","0","0","0","29","1","50","0","100","0","600","0","12700","0","0","0","0","0","200","0","6400","0","170","0","553","3","50","0","193","0","0","0","0","1","0","","","","","","","","","","","","","","","","","","","","","","","","","","",""
"596595","Визначено як лікарня для госпіталізації","36205651","КНП ""Гайсинська центральна районна лікарня""","23700 Вінницька обл., м. Гайсин,      вул. Чорновола 1,","Вінницька","15.03.2021 0:00:00","1467","15.03.2021 11:49:33","0","0","0","0","0","0","0","0","0","0","0","0","0","0","0","0","0","0","0","0","0","0","0","0","2","0","0","0","0","1","0","0","0","1","0","0","0","0","0","24","0","1466","15","3112","10","0","0","27373","100","0","0","0","0","680","0","8400","200","153","1","2828","5","0","0","142","80","0","0","0","1","1","","","","","","","","","","","","","","","","","","","","","","","","","","",""
"596341","Визначено як лікарня для госпіталізації","26285843","Комунальне некомерційне підприємство ""Вінницький обласний клінічний Центр профілактики та боротьби зі СНІДом Вінницької обласної Ради""","Вінницька обл., Вінницький район,             селище Березина","Вінницька","15.03.2021 0:00:00","1470","15.03.2021 10:03:29","0","0","0","0","0","0","0","0","0","0","0","0","0","0","0","0","0","0","0","0","0","0","0","0","2","0","0","0","0","8","0","0","0","0","0","14","0","0","0","3","0","154","2","2400","40","870","0","2300","200","0","0","106","0","219","0","7500","300","99","3","740","20","146","1","900","50","0","0","0","0","1","","","","","","","","","","","","","","","","","","","","","","","","","","",""
"596294","Визначено як лікарня для госпіталізації","36331552","КНП ""Томашпільська ЦРЛ""","смт. Томашпіль вул. Ігоря Гаврилюка 133","Вінницька","15.03.2021 0:00:00","1472","15.03.2021 9:46:10","0","0","0","0","0","0","0","0","0","0","0","0","0","0","0","0","0","0","0","0","0","0","0","0","1","0","0","0","0","3","0","0","0","1","0","9","0","0","0","34","1","4886","60","879","24","156","0","29800","120","0","0","0","0","334","12","8320","120","264","3","66","2","0","0","330","0","0","0","0","1","1","","","","","","","","","","","","","","","","","","","","","","","","","","",""
"596367","Визначено як лікарня для госпіталізації","41758238","КП ""Ладижинська міська лікарня""Ладижинської міськради","24321 Вінницька обл.,  м.Ладижин, вул. Ентузіастів, 24","Вінницька","15.03.2021 0:00:00","1475","15.03.2021 10:13:09","0","0","0","0","0","0","0","0","0","0","0","0","0","0","0","0","0","0","0","0","0","0","0","0","0","0","3","0","0","3","3","3","0","1","0","0","0","0","0","12","0","350","30","150","10","142","30","2089","500","44","1000","0","10","150","10","50","20","37","1","1161","9","0","0","92","0","0","0","0","1","1","","","","","","","","","","","","","","","","","","","","","","","","","","",""
"596630","Визначено як лікарня для госпіталізації","42078561","Комунальне ппідприємство ""Волинське обласне територіальне медичне об'єднання захисту материнства і дитинства"" Волинської обласної ради","43008, м. Луцьк, вулиця Загородня 20","Волинська","15.03.2021 0:00:00","1511","15.03.2021 12:06:43","0","0","0","0","0","0","0","0","0","0","0","0","0","0","0","0","0","0","0","0","0","0","0","0","0","0","0","0","0","2","0","5","0","2","0","14","0","0","0","2","1","660","0","6241","0","2004","0","19300","2000","1750","0","288","0","276","0","3145","0","155","0","2402","16","0","0","652","0","0","0","1","1","1","","","","","","","","","","","","","","","","","","","","","","","","","","",""
"596300","Визначено як лікарня для госпіталізації","42631325","КП «Володимир-Волинське територіальне медичне об’єднання».","44700, м. Володимир-Волинськ, вул. Павлова,20","Волинська","15.03.2021 0:00:00","1512","15.03.2021 9:48:10","0","0","0","0","0","0","0","0","0","0","0","0","0","0","0","0","0","0","0","0","0","0","0","0","0","0","1","0","0","7","1","0","0","0","0","16","0","0","1","72","1","1250","20","1980","10","0","0","12150","400","15835","0","0","0","93","0","8050","350","220","10","1175","14","0","0","473","19","0","0","15","1","0","","","","","","","","","","","","","","","","","","","","","","","","","","",""
"596469","Визначено як лікарня для госпіталізації","25539007","Комунальне підприємство ""Нікопольська міська лікарня № 4"" Нікопольської міської ради""","вул. Херсонська, буд.56","Дніпропетровська","15.03.2021 0:00:00","1529","15.03.2021 10:51:28","0","0","0","0","0","0","0","0","0","0","0","0","0","0","0","0","0","0","0","0","0","0","0","0","3","0","0","0","0","16","0","0","0","2","0","21","0","0","0","83","0","8853","71","3596","128","2881","121","14770","163","8","0","50","0","245","0","57808","492","111","2","678","18","0","0","0","0","0","0","0","1","0","","","","","","","","","","","","","","","","","","","","","","","","","","",""
"596176","Визначено як лікарня для госпіталізації","22039058","КОМУНАЛЬНЕ НЕКОМЕРЦІЙНЕ ПІДПРИЄМСТВО ""ЦЕНТРАЛЬНА МІСЬКА ЛІКАРНЯ НОВОГРОДІВСЬКОЇ МІСЬКОЇ РАДИ""","85483, Донецька область, м.Новогродівка, вул. 10-річчя Незалежності України, 6","Донецька","15.03.2021 0:00:00","1618","15.03.2021 9:11:48","0","0","0","0","0","0","0","0","0","0","0","0","0","0","0","0","0","0","0","0","0","0","0","0","0","0","0","0","0","2","0","0","0","0","0","0","0","0","0","17","0","0","0","245","0","0","0","1800","0","0","0","0","0","63","0","1600","0","85","0","196","0","0","0","22","0","0","0","0","1","1","","","","","","","","","","","","","","","","","","","","","","","","","","",""
"595993","Визначено як лікарня для госпіталізації","39017488","КОМУНАЛЬНЕ НЕКОМЕРЦІЙНЕ ПІДПРИЄМСТВО ""ДОБРОПІЛЬСЬКА ЛІКАРНЯ ІНТЕНСИВНОГО ЛІКУВАННЯ""","85000, Донецька область, м.Добропілля, вул.Гагаріна,3","Донецька","15.03.2021 0:00:00","1628","15.03.2021 8:11:41","0","0","0","0","0","0","0","0","0","0","0","0","0","0","0","0","0","0","0","0","0","0","0","0","0","0","0","0","0","8","0","2","0","1","0","8","0","0","0","70","0","565","0","335","0","295","0","8650","0","0","0","0","0","34","0","500","0","419","0","0","0","0","0","499","0","0","0","0","1","0","","","","","","","","","","","","","","","","","","","","","","","","","","",""
"596225","Визначено як лікарня для госпіталізації","38367418","КОМУНАЛЬНЕ НЕКОМЕРЦІЙНЕ ПІДПРИЄМСТВО ""ОЛЕКСАНДРІВСЬКА ЛІКАРНЯ ПЛАНОВОГО ЛІКУВАННЯ""","84000, Донецька область, Олександрівський район , смт.Олександрівка вул.Навчальна, буд, 8","Донецька","15.03.2021 0:00:00","1629","15.03.2021 9:24:54","0","0","0","0","0","0","0","0","0","0","0","0","0","0","0","0","0","0","0","0","0","0","0","0","1","0","0","0","0","1","0","0","0","1","0","5","0","0","0","21","1","30","0","88","0","88","0","1180","31","0","0","88","0","30","0","272","22","2","1","0","0","0","0","175","0","0","0","0","1","0","","","","","","","","","","","","","","","","","","","","","","","","","","",""
"596022","Визначено як лікарня для госпіталізації","42779217","КП «Дитяча лікарня ім. В.Й.Башека» Житомирської міської ради","10008, м. Житомир,","Житомирська","15.03.2021 0:00:00","1681","15.03.2021 8:26:57","0","0","0","0","0","0","0","0","0","0","0","0","0","0","0","0","0","0","0","0","0","0","0","0","3","0","0","0","0","3","0","0","0","0","0","12","0","0","0","5","1","857","0","1719","0","3163","0","9624","138","0","0","0","0","588","0","15593","76","210","2","149","0","11","0","544","0","0","0","0","1","1","","","","","","","","","","","","","","","","","","","","","","","","","","",""
"596389","Визначено як лікарня для госпіталізації","42789136","Комунальне підприємство «Лікарня № 2      ім. В.П. Павлусенка» Житомирської міської ради","10004, м. Житомир, Романа Шухевича, 2а","Житомирська","15.03.2021 0:00:00","1682","15.03.2021 10:21:37","0","0","0","0","0","0","0","0","0","0","0","0","0","0","0","0","0","0","0","0","0","0","0","0","2","0","5","0","0","11","5","0","0","2","0","23","0","0","0","79","0","7665","62","2560","8","1898","8","15186","382","0","0","0","0","567","0","13980","10","243","3","1232","7","0","0","5075","0","0","0","0","1","1","","","","","","","","","","","","","","","","","","","","","","","","","","",""
"596679","Визначено як лікарня для госпіталізації","40835473","КНП ""Ужгородська районна клінічна лікарня Ужгородської районної ради Закарпатської області""","Закарпатська обл.,смт. Середнє .вул.Лікарняна 6А","Закарпатська","15.03.2021 0:00:00","1702","15.03.2021 12:52:05","0","0","0","0","0","0","0","0","0","0","0","0","0","0","0","0","0","0","0","0","0","0","0","0","2","0","0","0","0","5","0","0","0","0","0","6","0","0","0","79","1","26","15","70","30","0","0","212","25","0","0","0","0","0","0","1134","200","17","4","0","0","0","0","2020","20","0","0","0","1","1","","","","","","","","","","","","","","","","","","","","","","","","","","",""
"596523","Визначено як лікарня для госпіталізації","20498781","КНП ""Міська лікарня №1"" ЗМР","вул. Чумаченка,21А м. Запоріжжя 69104","Запорізька","15.03.2021 0:00:00","1724","15.03.2021 11:14:13","0","0","0","0","0","0","0","0","0","0","0","0","0","0","0","0","0","0","0","0","0","0","0","0","7","0","0","0","5","2","0","0","0","0","0","6","0","0","0","50","0","507","23","3354","182","806","174","15881","160","0","0","0","0","375","0","1824","282","204","4","205","5","0","0","28","24","0","0","0","1","1","","","","","","","","","","","","","","","","","","","","","","","","","","",""
"596189","Визначено як лікарня для госпіталізації","19282283","КНП ""Пологовий будинок №3"" ЗМР","м.Запоріжжя 69071, вул.Бочарова, буд.11","Запорізька","15.03.2021 0:00:00","1727","15.03.2021 9:16:09","0","0","0","0","0","0","0","0","0","0","0","0","0","0","0","0","0","0","0","0","0","0","0","0","3","0","0","0","0","0","0","2","0","0","2","3","0","0","0","1","0","0","0","0","0","48","0","14800","500","30","0","0","0","0","0","15500","100","181","1","1212","2","0","0","0","0","0","0","0","1","1","","","","","","","","","","","","","","","","","","","","","","","","","","",""
"596385","Визначено як лікарня для госпіталізації","19282254","КНП «Розівська центральна районна лікарня» Розівської районної ради","вул.Центральна, 122, смт.Розівка, Розівський район, 70300","Запорізька","15.03.2021 0:00:00","1749","15.03.2021 10:19:50","0","0","0","0","0","0","0","0","0","0","0","0","0","0","0","0","0","0","0","0","0","0","0","0","0","0","0","0","0","0","0","0","0","0","0","0","0","0","0","0","0","94","0","68","0","30","0","4720","70","0","0","0","0","25","0","6720","70","27","1","732","1","0","0","76","0","0","0","0","1","0","","","","","","","","","","","","","","","","","","","","","","","","","","",""
"596020","Визначено як лікарня для госпіталізації","25068128","КНП  «Бурштинська центральна міська лікарня» Бурштинської міської ради","77111, Івано-Франківська обл., місто Бурштин, ВУЛИЦЯ ШУХЕВИЧА, будинок 18","Івано-Франківська","15.03.2021 0:00:00","1776","15.03.2021 8:26:36","0","0","0","0","0","0","0","0","0","0","0","0","0","0","0","0","0","0","0","0","0","0","0","0","4","0","0","0","0","3","0","0","0","0","0","6","0","0","0","33","0","0","0","160","0","342","0","750","0","0","0","20","0","207","0","900","0","5","0","0","0","4180","0","0","0","0","0","0","1","1","","","","","","","","","","","","","","","","","","","","","","","","","","",""
"596016","Визначено як лікарня для госпіталізації","24687786","Івано-Франківський обласний перинатальний центр","вул. Чорновола, буд. 47","Івано-Франківська","15.03.2021 0:00:00","1782","15.03.2021 8:24:27","0","0","0","0","0","0","0","0","0","0","0","0","0","0","0","0","0","0","0","0","0","0","0","0","0","0","0","0","0","7","0","7","0","1","1","4","0","0","0","13","1","120","20","600","0","2000","0","2500","500","300","0","350","0","30","0","1000","500","50","0","0","0","1000","0","1000","0","0","0","0","1","1","","","","","","","","","","","","","","","","","","","","","","","","","","",""
"596573","Визначено як лікарня для госпіталізації","33578224","КНП «Центральна районна лікарня Калуської міської та районної рад Івано-Франківської області»","77312, Івано-Франківська обл., місто Калуш, вул. Медична, буд. 6","Івано-Франківська","15.03.2021 0:00:00","1786","15.03.2021 11:40:16","0","0","0","0","0","0","0","0","0","0","0","0","0","0","0","0","0","0","0","0","0","0","0","0","6","0","0","0","0","13","0","2","0","1","1","35","0","0","1","21","0","3387","20","756","50","3441","40","83100","0","0","0","11","0","1108","10","4900","0","118","8","1509","52","0","0","1449","13","0","0","0","1","1","","","","","","","","","","","","","","","","","","","","","","","","","","",""
"596638","Визначено як лікарня для госпіталізації","33271905","КОМУНАЛЬНЕ НЕКОМЕРЦІЙНЕ ПІДПРИЄМСТВО ""РАЙОННА ЛІКАРНЯ КАЛУСЬКОЇ РАЙОННОЇ РАДИ""","77300, Івано-Франківська обл., місто Калуш, ВУЛИЦЯ КАРАКАЯ, будинок 25","Івано-Франківська","15.03.2021 0:00:00","1788","15.03.2021 12:10:57","0","0","0","0","0","0","0","0","0","0","0","0","0","0","0","0","0","0","0","0","0","0","0","0","1","0","0","0","0","1","0","1","0","2","0","3","0","0","0","17","0","240","10","2010","30","230","10","5600","100","0","0","20","5","542","0","15860","100","50","5","0","0","0","0","750","10","0","0","0","1","1","","","","","","","","","","","","","","","","","","","","","","","","","","",""
"596299","Визначено як лікарня для госпіталізації","26191575","Комунальне некомерційне підприємство ""Ірпінська центральна міська лікарня"" Ірпінської міської ради Київської області","м. Ірпінь, вул. Садова, 38","Київська","15.03.2021 0:00:00","1818","15.03.2021 9:48:05","0","0","0","0","0","0","0","0","0","0","0","0","0","0","0","0","0","0","0","0","0","0","0","0","11","0","0","0","0","7","0","0","0","0","0","24","0","0","0","19","1","1920","20","80","0","515","0","37500","300","0","0","0","0","1407","0","38800","400","1390","5","392","2","0","0","2604","0","0","0","1","1","1","","","","","","","","","","","","","","","","","","","","","","","","","","",""
"596090","Визначено як лікарня для госпіталізації","41736008","Комунальне некомерційне підприємство ""Славутицька міська лікарня"" Славутицької міської ради","м.Славутич, вул.77 Гвардійської дивізії, 7","Київська","15.03.2021 0:00:00","1819","15.03.2021 8:47:36","0","0","0","0","0","0","0","0","0","0","0","0","0","0","0","0","0","0","0","0","0","0","0","0","0","0","0","0","0","4","0","0","0","0","0","3","0","0","0","8","0","2420","40","515","5","290","0","9150","50","0","0","270","5","20","0","8300","100","155","1","1623","15","0","0","482","0","0","0","0","1","1","","","","","","","","","","","","","","","","","","","","","","","","","","",""
"596199","Визначено як лікарня для госпіталізації","20761112","КНП ЛОР Львівський Обласний Клінічний Лікувально-Діагностичний Кардіологічний Центр","79041, Львівська обл., місто Львів, Франківський район, ВУЛИЦЯ КУЛЬПАРКІВСЬКА, будинок 35","Львівська","15.03.2021 0:00:00","1932","15.03.2021 9:18:41","0","0","0","0","0","0","0","0","0","0","0","0","0","0","0","0","0","0","0","0","0","0","0","0","0","0","0","0","0","0","0","0","0","0","4","0","0","0","1","1","1","0","0","0","0","0","0","10000","0","800","0","0","0","115","0","0","0","0","0","0","0","0","0","100","0","0","0","0","1","1","","","","","","","","","","","","","","","","","","","","","","","","","","",""
"596038","Визначено як лікарня для госпіталізації","40075815","Одеська клінічна лікарня на залізничному транспорті філії ""ЦОЗ"" АТ ""Укрзалізниця""","м. Одеса, вул Шклярука, 4 А","Одеська","15.03.2021 0:00:00","2011","15.03.2021 8:31:01","0","0","0","0","0","0","0","0","0","0","0","0","0","0","0","0","0","0","0","0","0","0","0","0","1","0","0","0","0","3","0","0","0","0","0","4","0","0","0","36","0","1110","0","10020","100","0","0","48500","0","0","0","0","0","20","0","4400","100","264","0","0","0","0","0","0","0","0","0","0","0","0","","","","","","","","","","","","","","","","","","","","","","","","","","",""
"596634","Визначено як лікарня для госпіталізації","25680639","Київська міська клінічна лікарня №12","вул. Підвисоцького, 4-А","м.Київ","15.03.2021 0:00:00","2028","15.03.2021 12:09:42","0","0","0","0","0","0","0","0","0","0","0","0","0","0","0","0","0","0","0","0","0","0","0","0","2","2","3","0","2","3","3","0","0","0","3","15","0","0","0","88","1","9750","0","89600","0","19790","210","49700","800","0","0","0","0","495","100","53800","1000","290","0","3604","45","0","0","1350","0","0","0","0","1","1","","","","","","","","","","","","","","","","","","","","","","","","","","",""
"596525","Визначено як лікарня для госпіталізації","25680355","КНП «Київська міська клінічна лікарня №6»","просп. Любомира Гузара, 6","м.Київ","15.03.2021 0:00:00","2030","15.03.2021 11:15:23","0","0","0","0","0","0","0","0","0","0","0","0","0","0","0","0","0","0","0","0","0","0","0","0","0","0","9","0","0","16","9","0","0","5","2","21","0","0","0","100","1","2050","50","2250","50","2600","50","41500","500","0","0","590","0","190","0","18500","500","4590","20","2474","13","490","0","11424","0","0","0","0","1","1","","","","","","","","","","","","","","","","","","","","","","","","","","",""
"596548","Визначено як лікарня для госпіталізації","21490652","КНП "" Київський міський ценнтр радіаційного захисту населення міста Києва від наслідків Чорнобильської катастрофи""","м.Київ,вул.Кубанської України,10","м.Київ","15.03.2021 0:00:00","2036","15.03.2021 11:23:44","0","0","0","0","0","0","0","0","0","0","0","0","0","0","0","0","0","0","0","0","0","0","0","0","3","0","0","0","0","1","0","0","0","3","0","5","0","0","0","70","0","13495","186","7971","10","2354","25","23588","277","0","0","0","0","246","0","75845","147","62","0","0","0","0","0","336","0","0","0","0","1","1","","","","","","","","","","","","","","","","","","","","","","","","","","",""
"596379","Визначено як лікарня для госпіталізації","26199074","КНП ""КЛ№15№ Подільського р-ну м.Києва","м.Київ, вул.Г.Сковороди, 2","м.Київ","15.03.2021 0:00:00","2039","15.03.2021 10:16:05","0","0","0","0","0","0","0","0","0","0","0","0","0","0","0","0","0","0","0","0","0","0","0","0","0","0","0","0","0","8","0","0","0","4","0","4","0","0","0","30","1","690","0","5900","0","10720","20","37700","200","0","0","0","0","450","0","230000","300","300","5","1030","13","0","0","1770","30","0","0","0","1","1","","","","","","","","","","","","","","","","","","","","","","","","","","",""
"596696","Визначено як лікарня для госпіталізації","42751893","КНП ""Київський міський центр нефрології та діалізу"" виконачвого органу Київської міської ради (Київської міської державної адміністрації)","м. Київ вул. П. Запорожця 26","м.Київ","15.03.2021 0:00:00","2040","15.03.2021 13:06:04","0","0","0","0","0","0","0","0","0","0","0","0","0","0","0","0","0","0","0","0","0","0","0","0","5","0","0","0","0","5","0","0","0","0","0","19","0","0","1","42","0","4115","66","5523","41","2833","24","170625","1021","0","0","0","0","678","0","122730","1333","4660","3","358","0","0","0","20","0","0","0","0","0","1","","","","","","","","","","","","","","","","","","","","","","","","","","",""
"596621","Визначено як лікарня для госпіталізації","40032148","КНП ""Академія здоров'я людини""","м. Київ Харківське шосе, 121","м.Київ","15.03.2021 0:00:00","2041","15.03.2021 12:03:53","0","0","0","0","0","0","0","0","0","0","0","0","0","0","0","0","0","0","0","0","0","0","0","0","4","0","0","0","0","2","0","4","0","0","0","15","0","0","0","6","0","314","24","240","0","18","0","10192","48","0","0","0","0","110","12","2430","60","115","5","310","0","484","0","1500","0","0","0","0","1","1","","","","","","","","","","","","","","","","","","","","","","","","","","",""
"596144","Визначено як лікарня для госпіталізації","42489785","КНП ""Ізмаїльська міська центральна лікарня"" Ізмаїльської міської ради","68600, Одеська обл., місто Ізмаїл, ПРОСПЕКТ СУВОРОВА, будинок 68","Одеська","15.03.2021 0:00:00","2371","15.03.2021 9:01:45","0","0","0","0","0","0","0","0","0","0","0","0","0","0","0","0","0","0","0","0","0","0","0","0","0","0","0","0","0","6","0","0","0","0","0","8","0","0","0","4","1","190","0","290","5","80","0","1065","200","0","0","165","0","0","0","0","0","0","18","40","0","0","0","800","0","0","0","0","1","1","","","","","","","","","","","","","","","","","","","","","","","","","","",""
"596647","Визначено як лікарня для госпіталізації","41973328","КОМУНАЛЬНЕ НЕКОМЕРЦІЙНЕ ПІДПРИЄМСТВО ""ОДЕСЬКИЙ ОБЛАСНИЙ ЦЕНТР СОЦІАЛЬНО ЗНАЧУЩИХ ХВОРОБ"" ОДЕСЬКОЇ ОБЛАСНОЇ РАДИ""","65014, Одеська обл., місто Одеса, Приморський район, вул. Леонтовича, будинок 9/1, 11.","Одеська","15.03.2021 0:00:00","2373","15.03.2021 12:16:42","0","0","0","0","0","0","0","0","0","0","0","0","0","0","0","0","0","0","0","0","0","0","0","0","0","0","0","0","0","3","0","0","0","3","0","7","0","0","0","192","0","0","0","2965","18","64","18","1531","20","0","0","5","0","82","0","4365","100","106","0","0","0","0","0","116","5","0","0","0","1","1","","","","","","","","","","","","","","","","","","","","","","","","","","",""
"596317","Визначено як лікарня для госпіталізації","33992414","КОМУНАЛЬНЕ НЕКОМЕРЦІЙНЕ ПІДПРИЄМСТВО ВАРАСЬКОЇ МІСЬКОЇ РАДИ ""ВАРАСЬКА БАГАТОПРОФІЛЬНА ЛІКАРНЯ""","Рівненська обл., місто Вараш, вул.Енергетиків, будинок 23","Рівненська","15.03.2021 0:00:00","2451","15.03.2021 9:53:02","0","0","0","0","0","0","0","0","0","0","0","0","0","0","0","0","0","0","0","0","0","0","0","0","3","0","0","0","0","0","0","0","0","1","1","2","0","0","0","23","0","384","6","253","15","367","11","3046","224","0","0","0","0","214","0","1058","220","210","5","0","0","0","0","591","0","0","0","0","1","1","","","","","","","","","","","","","","","","","","","","","","","","","","",""
"596701","Визначено як лікарня для госпіталізації","22579288","КОМУНАЛЬНЕ НЕКОМЕРЦІЙНЕ ПІДПРИЄМСТВО ""ПОЛОГОВИЙ БУДИНОК"" ДУБЕНСЬКОЇ МІСЬКОЇ РАДИ","місто Дубно, ВУЛИЦЯ ГРУШЕВСЬКОГО, будинок 103","Рівненська","15.03.2021 0:00:00","2456","15.03.2021 14:57:35","0","0","0","0","0","0","0","0","0","0","0","0","0","0","0","0","0","0","0","0","0","0","0","0","1","0","0","0","0","2","0","1","0","1","0","4","0","0","0","1","1","437","4","389","6","232","1","1264","28","0","0","0","0","222","0","5273","24","440","0","720","20","0","0","139","0","0","0","0","0","1","","","","","","","","","","","","","","","","","","","","","","","","","","",""
"596386","Визначено як лікарня для госпіталізації","42588170","КНП Тернопільської районної ради ,,Тернопільська центральна районна лікарня”","м. Тернопіль, вул. Волинська, буд. 40","Тернопільська","15.03.2021 0:00:00","2483","15.03.2021 10:19:54","0","0","0","0","0","0","0","0","0","0","0","0","0","0","0","0","0","0","0","0","0","0","0","0","1","0","3","0","0","3","3","0","0","2","0","6","0","0","0","11","0","20","0","0","40","1420","40","10","70","0","0","0","0","27","0","20","40","2","1","0","0","0","0","30","0","0","0","1","1","1","","","","","","","","","","","","","","","","","","","","","","","","","","",""
"596675","Визначено як лікарня для госпіталізації","22689195","Комунальне некомерційне підприємство «Міська багатопрофільна лікарня № 25» Харківської Міської Ради","61115, Харківська обл., м. Харків, Індустріальний район, пр. Олександрівський, будинок 122","Харківська","15.03.2021 0:00:00","2506","15.03.2021 12:49:45","0","0","0","0","0","0","0","0","0","0","0","0","0","0","0","0","0","0","0","0","0","0","0","0","0","0","3","0","0","12","3","0","0","0","0","11","0","0","0","232","0","1600","50","0","0","765","24","208600","200","0","0","0","0","740","22","5300","200","270","3","3065","15","0","0","16321","15","0","0","0","1","1","","","","","","","","","","","","","","","","","","","","","","","","","","",""
"596256","Визначено як лікарня для госпіталізації","40365451","КНП НЕТІШИНСЬКОЇ МІСЬКОЇ РАДИ ""СПЕЦІАЛІЗОВАНА МЕДИКО-САНІТАРНА ЧАСТИНА М.НЕТІШИН""","вул. Лісова, буд. 1","Хмельницька","15.03.2021 0:00:00","2607","15.03.2021 9:32:50","0","0","0","0","0","0","0","0","0","0","0","0","0","0","0","0","0","0","0","0","0","0","0","0","3","2","1","0","2","2","1","1","0","1","0","7","0","0","0","14","0","363","12","2915","21","220","0","14829","34","650","0","0","0","279","0","6122","126","15","0","1298","3","18","0","6653","0","0","0","1","1","1","","","","","","","","","","","","","","","","","","","","","","","","","","",""
"596374","Визначено як лікарня для госпіталізації","21312761","КНП ""Хмельницький обласний госпіталь ветеранів війни"" ХОР","вул. Визволителів, 3, с. Ружичанка, Хмельницький р-н, Хмельницька обл., 29001","Хмельницька","15.03.2021 0:00:00","2633","15.03.2021 10:15:39","0","0","0","0","0","0","0","0","0","0","0","0","0","0","0","0","0","0","0","0","0","0","0","0","1","0","0","0","0","5","0","0","0","1","0","2","0","0","0","13","0","0","0","0","0","0","0","1000","0","0","0","112","0","0","0","0","0","120","0","0","0","0","0","0","0","0","0","0","1","1","","","","","","","","","","","","","","","","","","","","","","","","","","",""
"596575","Визначено як лікарня для госпіталізації","41025351","КНП «Герцаївська районна лікарня»","Чернівецька область, Герцаївський район, місто Герца, вулиця Центральна, 25","Чернівецька","15.03.2021 0:00:00","2653","15.03.2021 11:41:09","0","0","0","0","0","0","0","0","0","0","0","0","0","0","0","0","0","0","0","0","0","0","0","0","0","0","0","0","0","3","0","1","0","0","3","0","0","0","0","26","0","183","6","138","7","74","4","2830","20","21","0","0","0","48","4","1545","10","98","1","120","9","400","0","300","0","0","0","0","1","0","","","","","","","","","","","","","","","","","","","","","","","","","","",""
"596388","Визначено як лікарня для госпіталізації","14242161","КНП «Чернігівська міська лікарня №3» Чернігівської міської ради","14034, Чернігівська обл., м. Чернігів, вул. 1-го Травня, 170","Чернігівська","15.03.2021 0:00:00","2672","15.03.2021 10:21:10","0","0","0","0","0","0","0","0","0","0","0","0","0","0","0","0","0","0","0","0","0","0","0","0","2","2","0","0","2","5","0","0","0","0","0","11","0","0","0","72","0","170","10","1400","100","84","0","3550","100","0","0","0","0","230","60","19400","100","19","2","218","5","0","0","316","0","0","0","0","1","1","","","","","","","","","","","","","","","","","","","","","","","","","","",""
"596669","Визначено як лікарня для госпіталізації","38802040","КНП ""Ужгородський міський пологовий будинок"" Ужгородської міської ради","88000, Закарпатська обл., м. Ужгород, вул. Грибоєдова, буд. 20 Б","Закарпатська","15.03.2021 0:00:00","2677","15.03.2021 12:45:39","0","0","0","0","0","0","0","0","0","0","0","0","0","0","0","0","0","0","0","0","0","0","0","0","1","0","0","0","0","6","0","5","2","0","0","11","0","0","0","15","1","467","10","1362","26","1138","2","21939","100","100","0","0","0","633","0","76856","300","938","2","983","6","0","0","0","0","0","0","1","1","1","","","","","","","","","","","","","","","","","","","","","","","","","","",""
"595938","Визначено як лікарня для госпіталізації","02005778","КОМУНАЛЬНЕ НЕКОМЕРЦІЙНЕ ПІДПРИЄМСТВО ""МІСЬКА ЛІКАРНЯ №4"" ЧЕРНІВЕЦЬКОЇ МІСЬКОЇ РАДИ","м. Чернівці, віл. Івана Підкови, 14","Чернівецька","15.03.2021 0:00:00","2686","15.03.2021 6:36:10","0","0","0","0","0","0","0","0","0","0","0","0","0","0","0","0","0","0","0","0","0","0","0","0","0","0","0","0","0","2","0","0","0","2","0","5","0","0","0","54","1","80","40","928","40","824","40","5573","20","210","20","0","0","14","1","12837","40","18","2","25","0","0","0","400","20","0","0","0","1","0","","","","","","","","","","","","","","","","","","","","","","","","","","",""
"596415","Визначено як лікарня для госпіталізації","43188153","КОМУНАЛЬНЕ НЕКОМЕРЦІЙНЕ ПІДПРИЄМСТВО ""КРЕМЕНЕЦЬКА РАЙОННА КОМУНАЛЬНА ЛІКАРНЯ"" КРЕМЕНЕЦЬКОЇ РАЙОННОЇ РАДИ ТЕРНОПІЛЬСЬКОЇ ОБЛАСТІ","м. Кременець, вул.Горбача, 1","Тернопільська","15.03.2021 0:00:00","2687","15.03.2021 10:29:04","0","0","0","0","0","0","0","0","0","0","0","0","0","0","0","0","0","0","0","0","0","0","0","0","0","0","0","0","0","9","0","0","0","0","0","11","0","0","1","26","1","4240","20","3820","20","940","20","105200","100","210","0","14","0","510","6","11600","100","98","2","2514","2","0","0","0","0","0","0","0","1","1","","","","","","","","","","","","","","","","","","","","","","","","","","",""
"596566","Визначено як лікарня для госпіталізації","43522608","КОМУНАЛЬНЕ НЕКОМЕРЦІЙНЕ ПІДПРИЄМСТВО МАРІУПОЛЬСЬКОЇ МІСЬКОЇ РАДИ ""МАРІУПОЛЬСЬКА МІСЬКА ЛІКАРНЯ №9""","вул. Гагаріна, 114/116","Донецька","15.03.2021 0:00:00","2688","15.03.2021 11:36:57","0","0","0","0","0","0","0","0","0","0","0","0","0","0","0","0","0","0","0","0","0","0","0","0","13","0","0","0","0","1","0","0","0","0","1","12","0","0","0","105","0","1186","0","11470","0","8990","0","37250","0","0","0","2104","0","465","0","15500","0","381","0","3600","0","0","0","0","0","0","0","0","1","1","","","","","","","","","","","","","","","","","","","","","","","","","","",""
"596489","Визначено як лікарня для госпіталізації","20763289","КОМУНАЛЬНЕ НЕКОМЕРЦІЙНЕ ПІДПРИЄМСТВО ЯВОРІВСЬКОЇ РАЙОННОЇ РАДИ ЛЬВІВСЬКОЇ ОБЛАСТІ ""НОВОЯВОРІВСЬКА РАЙОННА ЛІКАРНЯ ІМЕНІ ЮРІЯ ЛИПИ""","м.Новояворівськ, вул. Шевченка, буд. 18","Львівська","15.03.2021 0:00:00","2689","15.03.2021 10:57:13","0","0","0","0","0","0","0","0","0","0","0","0","0","0","0","0","0","0","0","0","0","0","0","0","4","0","0","0","0","4","0","0","0","3","2","4","0","0","0","14","0","0","30","230","30","708","30","445","60","0","0","0","0","50","0","1820","180","12","1","0","0","0","0","858","0","0","0","0","1","1","","","","","","","","","","","","","","","","","","","","","","","","","","",""
"596109","Визначено як лікарня для госпіталізації","43218512","КОМУНАЛЬНЕ НЕКОМЕРЦІЙНЕ ПІДПРИЄМСТВО ""ЛІКУВАЛЬНО-ПРОФІЛАКТИЧНА УСТАНОВА МІЖГІРСЬКА РАЙОННА ЛІКАРНЯ МІЖГІРСЬКОЇ РАЙОННОЇ РАДИ ЗАКАРПАТСЬКОЇ ОБЛАСТІ""","селище міського типу Міжгір'я, ВУЛИЦЯ ВОЗЗ'ЄДНАННЯ, будинок 4","Закарпатська","15.03.2021 0:00:00","2690","15.03.2021 8:52:21","0","0","0","0","0","0","0","0","0","0","0","0","0","0","0","0","0","0","0","0","0","0","0","0","1","0","1","0","0","8","1","1","0","1","1","17","0","0","1","63","0","146","5","2956","28","105","4","12531","187","16","0","72","0","70","0","7576","178","15","1","654","11","0","0","409","30","0","0","10","1","1","","","","","","","","","","","","","","","","","","","","","","","","","","",""
"596243","Визначено як лікарня для госпіталізації","01992587","КОМУНАЛЬНЕ НЕКОМЕРЦІЙНЕ ПІДПРИЄМСТВО ""ІРШАВСЬКА РАЙОННА ЛІКАРНЯ"" ІРШАВСЬКОЇ РАЙОННОЇ РАДИ ЗАКАРПАТСЬКОЇ ОБЛАСТІ","місто Іршава, ВУЛИЦЯ КОМАРОВА, будинок 16","Закарпатська","15.03.2021 0:00:00","2691","15.03.2021 9:28:21","0","0","0","0","0","0","0","0","0","0","0","0","0","0","0","0","0","0","0","0","0","0","0","0","0","0","2","0","0","7","2","2","0","2","0","7","1","0","0","120","1","110","25","28","4","210","15","10050","250","0","0","129","3","229","3","2000","250","100","5","0","0","0","0","3082","26","0","0","3","1","1","","","","","","","","","","","","","","","","","","","","","","","","","","",""
"596241","Визначено як лікарня для госпіталізації","01992682","КОМУНАЛЬНЕ НЕКОМЕРЦІЙНЕ ПІДПРИЄМСТВО ""ТЯЧІВСЬКА РАЙОННА ЛІКАРНЯ"" ТЯЧІВСЬКОЇ РАЙОННОЇ РАДИ","місто Тячів, ВУЛИЦЯ НЕРЕСЕНСЬКА, будинок 48","Закарпатська","15.03.2021 0:00:00","2692","15.03.2021 9:28:20","0","0","0","0","0","0","0","0","0","0","0","0","0","0","0","0","0","0","0","0","0","0","0","0","5","0","6","0","0","9","6","1","0","3","0","14","0","0","0","121","1","20","0","2820","10","456","2","7660","20","0","0","0","0","2010","5","100","0","690","3","685","6","0","0","95","0","0","0","1","1","1","","","","","","","","","","","","","","","","","","","","","","","","","","",""
"596408","Визначено як лікарня для госпіталізації","01992506","КНП „Виноградівська районна лікарня” Виноградівської районної ради Закарпатської області;","90300
Закарпатська область
м. Виноградів
вулиця Лікарняна, 13","Закарпатська","15.03.2021 0:00:00","2693","15.03.2021 10:26:33","0","0","0","0","0","0","0","0","0","0","0","0","0","0","0","0","0","0","0","0","0","0","0","0","2","0","6","0","0","9","6","0","0","0","0","8","0","0","0","89","1","923","45","3638","20","822","7","25865","735","35","25","113","0","1523","20","45300","2980","133","7","662","11","0","0","153","47","0","0","0","1","0","","","","","","","","","","","","","","","","","","","","","","","","","","",""
"596309","Визначено як лікарня для госпіталізації","01992831","КНП „Мукачівська центральна районна лікарня”","89600
Закарпатська область
м. Мукачево
вулиця Пирогова Миколи академіка, 8-13","Закарпатська","15.03.2021 0:00:00","2694","15.03.2021 9:51:11","0","0","0","0","0","0","0","0","0","0","0","0","0","0","0","0","0","0","0","0","0","0","0","0","3","3","1","0","3","8","1","1","0","3","5","31","0","0","0","55","1","8850","136","411","45","6192","10","35580","648","917","15","0","0","633","15","2885","35","653","9","624","2","47","0","10176","0","0","0","0","1","0","","","","","","","","","","","","","","","","","","","","","","","","","","",""
"596629","Визначено як лікарня для госпіталізації","02006544","КОМУНАЛЬНЕ НЕКОМЕРЦІЙНЕ ПІДПРИЄМСТВО ""ЧЕРНІГІВСЬКА ЦЕНТРАЛЬНА РАЙОННА ЛІКАРНЯ"" ЧЕРНІГІВСЬКОЇ РАЙОННОЇ РАДИ ЧЕРНІГІВСЬКОЇ ОБЛАСТІ","14030, Чернігівська обл., місто Чернігів, Деснянський район, ВУЛИЦЯ ШЕВЧЕНКА, будинок 114","Чернігівська","15.03.2021 0:00:00","2695","15.03.2021 12:06:29","0","0","0","0","0","0","0","0","0","0","0","0","0","0","0","0","0","0","0","0","0","0","0","0","0","0","0","0","0","6","0","0","0","0","0","6","0","0","0","30","1","0","0","2492","52","2044","52","26800","200","415","0","0","0","605","0","7100","200","71","2","0","0","0","0","77","9","0","0","0","1","1","","","","","","","","","","","","","","","","","","","","","","","","","","",""
"596146","Визначено як лікарня для госпіталізації","05492864","КОМУНАЛЬНА ЛІКУВАЛЬНО-ПРОФІЛАКТИЧНА УСТАНОВА ""ДРУЖКІВСЬКА МІСЬКА КЛІНІЧНА ЛІКАРНЯ № 1""","84201 Донецька область м.Дружківка, вул.Котляревського,151","Донецька","15.03.2021 0:00:00","2696","15.03.2021 9:03:09","0","0","0","0","0","0","0","0","0","0","0","0","0","0","0","0","0","0","0","0","0","0","0","0","0","0","0","0","0","1","0","0","0","0","0","5","0","0","0","11","0","750","0","500","0","1332","0","6510","0","0","0","0","0","933","0","14020","0","37","0","395","1","0","0","57","0","0","0","0","1","0","","","","","","","","","","","","","","","","","","","","","","","","","","",""
"596640","Визначено як лікарня для госпіталізації","01992430","КНП „Берегівська центральна районна лікарня імені Бертолона Ліннера Берегівської районної ради Закарпатської області”","Закарпатська область 
м. Берегове, 
вул. Ліннера Бертолона, 2","Закарпатська","15.03.2021 0:00:00","2697","15.03.2021 12:13:42","0","0","0","0","0","0","0","0","0","0","0","0","0","0","0","0","0","0","0","0","0","0","0","0","0","0","0","0","0","9","0","1","0","1","0","11","0","0","0","62","1","572","13","15868","29","2524","10","15752","311","246","2","4298","5","0","0","0","0","2188","2","572","8","0","0","1029","13","0","0","0","1","1","","","","","","","","","","","","","","","","","","","","","","","","","","",""
"595967","Визначено як лікарня для госпіталізації","02000369","КНП СОР «Обласна клінічна спеціалізована лікарня»","42001  Сумська область, 
м. Ромни, бульвар Московський, 29
1OSL_Romny@ukr.net","Сумська","15.03.2021 0:00:00","2698","15.03.2021 7:54:58","0","0","0","0","0","0","0","0","0","0","0","0","0","0","0","0","0","0","0","0","0","0","0","0","2","0","0","0","0","0","0","0","0","0","0","3","2","0","0","1","0","734","0","280","0","70","0","4624","46","0","0","0","0","185","0","3361","72","51","1","0","0","0","0","0","0","0","0","1","1","1","","","","","","","","","","","","","","","","","","","","","","","","","","",""
"596283","Визначено як лікарня для госпіталізації","39993146","КОМУНАЛЬНЕ НЕКОМЕРЦІЙНЕ ПІДПРИЄМСТВО ""СВІТЛОДАРСЬКА БАГАТОПРОФІЛЬНА ЛІКАРНЯ ПЛАНОВОГО ЛІКУВАННЯ БАХМУТСЬКОЇ РАЙОННОЇ РАДИ""","84792, Донецька область, Бахмутський район, м.Світлодарськ, проспект Перемоги, будинок 1","Донецька","15.03.2021 0:00:00","2701","15.03.2021 9:42:15","0","0","0","0","0","0","0","0","0","0","0","0","0","0","0","0","0","0","0","0","0","0","0","0","0","0","0","0","0","5","0","0","0","0","0","4","0","0","0","41","1","1148","5","3142","5","1149","0","12780","40","0","0","0","0","369","0","19870","41","349","4","0","0","0","0","653","17","0","0","0","1","0","","","","","","","","","","","","","","","","","","","","","","","","","","",""
"596645","Визначено як лікарня для госпіталізації","01990861","КОМУНАЛЬНЕ НЕКОМЕРЦІЙНЕ ПІДПРИЄМСТВО ""РОДИНСЬКА МІСЬКА ЛІКАРНЯ""","85310, Покровський район, м.Родинське, вул. Запорізька, буд. 5","Донецька","15.03.2021 0:00:00","2702","15.03.2021 12:15:20","0","0","0","0","0","0","0","0","0","0","0","0","0","0","0","0","0","0","0","0","0","0","0","0","0","0","0","0","0","0","0","0","0","0","0","2","0","0","0","7","0","3","0","0","0","23","0","0","0","0","0","0","0","15","0","0","0","28","1","58","3","0","0","0","0","0","0","0","1","0","","","","","","","","","","","","","","","","","","","","","","","","","","",""
"596486","Визначено як лікарня для госпіталізації","01990192","КОМУНАЛЬНЕ НЕКОМЕРЦІЙНЕ ПІДПРИЄМСТВО ""СОЛЕДАРСЬКА МІСЬКА ЛІКАРНЯ СОЛЕДАРСЬКОЇ МІСЬКОЇ РАДИ""","84545, Донецька область, м.Соледар, вул. Жовтнева 1A","Донецька","15.03.2021 0:00:00","2703","15.03.2021 10:54:35","0","0","0","0","0","0","0","0","0","0","0","0","0","0","0","0","0","0","0","0","0","0","0","0","0","0","0","0","0","0","0","0","0","0","0","2","0","0","0","28","0","690","32","506","0","422","4","4800","0","0","0","0","0","709","0","21000","0","225","0","0","0","0","0","60","0","0","0","0","1","0","","","","","","","","","","","","","","","","","","","","","","","","","","",""
"596227","Визначено як лікарня для госпіталізації","31575286","КНП ""Коломийська інфекційна лікарня Коломийської міської ради Івано-Франківської області""","78200, Івано-Франківська обл., місто Коломия, ВУЛИЦЯ СИМОНА ПЕТЛЮРИ, будинок 66","Івано-Франківська","15.03.2021 0:00:00","2704","15.03.2021 9:25:16","0","0","0","0","0","0","0","0","0","0","0","0","0","0","0","0","0","0","0","0","0","0","0","0","2","0","0","0","0","2","0","0","0","1","0","2","0","0","0","8","0","32","0","30","0","140","0","2275","65","395","0","122","0","260","0","70","0","51","1","127","0","0","0","1000","0","0","0","0","1","1","","","","","","","","","","","","","","","","","","","","","","","","","","",""
"596447","Визначено як лікарня для госпіталізації","02063387","КНП ""Теплодарська центральна міська лікарня"" Теплодарської міської ради","65490, Одеська обл., місто Теплодар, ВУЛИЦЯ ПОЛЬОВА, будинок 2","Одеська","15.03.2021 0:00:00","2705","15.03.2021 10:44:32","0","0","0","0","0","0","0","0","0","0","0","0","0","0","0","0","0","0","0","0","0","0","0","0","0","0","0","0","0","0","0","0","0","0","0","0","0","0","0","4","0","508","0","20","0","130","0","22768","0","0","0","0","0","15","0","150","0","25","0","0","0","0","0","1020","0","0","0","0","1","0","","","","","","","","","","","","","","","","","","","","","","","","","","",""
"596226","Визначено як лікарня для госпіталізації","34592230","КНП ""Южненська міська лікарня"" Южненської міської ради","65481, Одеська обл., місто Южне, ВУЛИЦЯ ХІМІКІВ, будинок 1","Одеська","15.03.2021 0:00:00","2706","15.03.2021 9:25:06","0","0","0","0","0","0","0","0","0","0","0","0","0","0","0","0","0","0","0","0","0","0","0","0","0","0","0","0","0","5","0","2","0","1","0","2","0","0","0","34","0","2600","40","2420","40","1775","15","26350","100","150","0","0","0","410","0","17750","100","1187","1","81","0","0","0","1757","0","0","0","0","1","1","","","","","","","","","","","","","","","","","","","","","","","","","","",""
"595945","Визначено як лікарня для госпіталізації","42974427","Комунальне некомерційне підприємство «Сватівська багатопрофільна лікарня» Сватівської районної ради Луганської області","Сватівський район, м. Сватове, пров. Промисловий, 11","Луганська","15.03.2021 0:00:00","2707","15.03.2021 7:24:28","0","0","0","0","0","0","0","0","0","0","0","0","0","0","0","0","0","0","0","0","0","0","0","0","0","0","0","0","0","7","0","1","0","0","3","11","0","0","0","52","0","375","8","1434","30","1259","20","9000","60","145","0","97","0","36","0","4500","40","540","5","155","0","52","0","0","0","0","0","0","1","1","","","","","","","","","","","","","","","","","","","","","","","","","","",""
"596436","Визначено як лікарня для госпіталізації","05498743","КНП ""Міська дитяча лікарня № 1"" ЗМР","вул. Комарова,12 , м. Запоріжжя, 69059","Запорізька","15.03.2021 0:00:00","2708","15.03.2021 10:40:28","0","0","0","0","0","0","0","0","0","0","0","0","0","0","0","0","0","0","0","0","0","0","0","0","0","0","0","0","0","0","0","1","0","0","0","5","0","0","0","8","0","3721","25","758","0","90","0","30321","48","450","0","0","0","149","0","6982","26","107","1","23","0","0","0","59","3","0","0","0","1","1","","","","","","","","","","","","","","","","","","","","","","","","","","",""
"595975","Визначено як лікарня для госпіталізації","24908721","КНП «Нововасилівська районна лікарня» ПРР ЗО","72420, Запорізька обл., Приазовський р-н, смт.Нововасилівка, вул. Поштова 75","Запорізька","15.03.2021 0:00:00","2709","15.03.2021 8:00:05","0","0","0","0","0","0","0","0","0","0","0","0","0","0","0","0","0","0","0","0","0","0","0","0","0","0","0","0","0","0","0","0","0","0","1","1","0","0","0","5","0","677","0","122","0","745","0","2125","0","0","0","0","0","14","11","1400","0","28","0","743","0","0","0","0","0","0","0","0","1","0","","","","","","","","","","","","","","","","","","","","","","","","","","",""
"596232","Визначено як лікарня для госпіталізації","02003511","Комунальне некомерційне підприємство «Міська багатопрофільна лікарня № 18» Харківської Міської Ради","61029,  м. ХаркІв, Немишлянський район, вул. Краснодарська, буд. 104","Харківська","15.03.2021 0:00:00","2710","15.03.2021 9:26:16","0","0","0","0","0","0","0","0","0","0","0","0","0","0","0","0","0","0","0","0","0","0","0","0","5","4","0","0","4","3","0","0","0","1","0","12","0","0","0","86","1","534","0","817","15","1110","35","213200","300","150","0","0","0","410","0","4000","200","580","2","2850","4","0","0","137","10","0","0","0","1","1","","","","","","","","","","","","","","","","","","","","","","","","","","",""
"596405","Визначено як лікарня для госпіталізації","05384318","КП ""олинська обласна  психіатрична лікарня м. Луцьк""","45601, Волинська обл. Луцький р-н,с. Липини, вул. Теремнівська,98","Волинська","15.03.2021 0:00:00","2713","15.03.2021 10:25:32","0","0","0","0","0","0","0","0","0","0","0","0","0","0","0","0","0","0","0","0","0","0","0","0","0","0","0","0","0","7","0","0","0","0","0","0","0","0","0","7","0","2040","20","853","12","1070","20","16692","42","0","0","0","0","0","0","18392","42","868","1","710","3","0","0","168","0","0","0","0","0","0","","","","","","","","","","","","","","","","","","","","","","","","","","",""
"596087","Визначено як лікарня для госпіталізації","02009407","Комунальне некомерційне підприємство ""Тернопільський обласний клінічний шкірно-венерологічний диспансер"" Тернопільської обласної ради","46006, м. Тернопіль, вул. Князя Острозького, 39","Тернопільська","15.03.2021 0:00:00","2715","15.03.2021 8:46:38","0","0","0","0","0","0","0","0","0","0","0","0","0","0","0","0","0","0","0","0","0","0","0","0","0","0","0","0","0","0","0","0","0","0","0","0","0","0","0","0","0","0","0","0","0","0","0","0","0","0","0","0","0","20","0","0","0","0","0","0","0","0","0","0","0","0","0","0","0","0","","","","","","","","","","","","","","","","","","","","","","","","","","",""
"595969","Визначено як лікарня для госпіталізації","02001050","КНП Теребовлянської районної ради ""Микулинецька районна лікарня""","Теребовлянський р-н                                                                                                                                                                                                                                                                                                  смт. Микулинці                                                                                                                                                                                                                                                                                                             вул. Набережна, 3","Тернопільська","15.03.2021 0:00:00","2716","15.03.2021 7:56:09","0","0","0","0","0","0","0","0","0","0","0","0","0","0","0","0","0","0","0","0","0","0","0","0","0","0","0","0","0","0","0","0","0","0","0","1","0","0","0","1","0","1","0","66","0","0","0","150","0","0","0","0","0","1","0","100","0","0","0","300","0","0","0","20","0","0","0","0","1","1","","","","","","","","","","","","","","","","","","","","","","","","","","",""
"596535","Визначено як лікарня для госпіталізації","02001209","КНП Шумської районної ради ""Великодедеркальська районна комунальна лікарня""","с.Великі Дедеркали Шумського району Тернопільської області","Тернопільська","15.03.2021 0:00:00","2717","15.03.2021 11:17:52","0","0","0","0","0","0","0","0","0","0","0","0","0","0","0","0","0","0","0","0","0","0","0","0","0","0","0","0","0","0","0","0","0","0","0","0","0","0","0","1","0","0","0","0","0","0","0","0","0","0","0","0","0","0","0","0","0","0","0","0","0","0","0","0","0","0","0","0","0","0","","","","","","","","","","","","","","","","","","","","","","","","","","",""
"596498","Визначено як лікарня для госпіталізації","02004491","КНП ""Теофіпольська ЦРЛ""","смт.Теофіполь вул . Заводська 2","Хмельницька","15.03.2021 0:00:00","2723","15.03.2021 10:59:51","0","0","0","0","0","0","0","0","0","0","0","0","0","0","0","0","0","0","0","0","0","0","0","0","0","0","0","0","0","6","0","0","0","0","0","3","0","0","0","13","1","550","50","0","50","130","35","3700","150","50","50","0","0","19","10","250","150","55","10","578","3","0","0","1500","0","0","0","0","1","1","","","","","","","","","","","","","","","","","","","","","","","","","","",""
"596269","Визначено як лікарня для госпіталізації","40081352_606","Харківська клінічна лікарня на залізничному транспорті № 2 філії «Центр охорони здоров’я» Акціонерного товариства «Укрзалізниця»","м. Харків, вул. Мала Панасівська, 35,","Харківська","15.03.2021 0:00:00","2724","15.03.2021 9:36:29","0","0","0","0","0","0","0","0","0","0","0","0","0","0","0","0","0","0","0","0","0","0","0","0","0","0","5","0","0","11","5","0","0","0","0","6","0","0","0","191","0","0","0","0","0","0","0","600","300","0","0","0","0","0","0","0","150","5","1","275","1","0","0","0","0","0","0","0","0","0","","","","","","","","","","","","","","","","","","","","","","","","","","",""
"596169","Визначено як лікарня для госпіталізації","40081352_607","Харківська клінічна лікарня на залізничному транспорті № 1 філії «Центр охорони здоров’я» Акціонерного товариства «Укрзалізниця»","61103, м. Харків, вул. Балакірєва, 5","Харківська","15.03.2021 0:00:00","2725","15.03.2021 9:09:21","0","0","0","0","0","0","0","0","0","0","0","0","0","0","0","0","0","0","0","0","0","0","0","0","5","0","0","0","3","3","0","0","0","0","0","10","0","0","0","227","0","788","0","300","0","584","0","37500","0","0","0","0","0","16","0","53450","0","234","0","0","0","0","0","0","0","0","0","0","1","1","","","","","","","","","","","","","","","","","","","","","","","","","","",""
"596216","Визначено як лікарня для госпіталізації","05416202","КНП ""Київський міський протитуберкульозний диспансер № 1""","вул. Автозаводська, 68","м.Київ","15.03.2021 0:00:00","2726","15.03.2021 9:23:03","0","0","0","0","0","0","0","0","0","0","0","0","0","0","0","0","0","0","0","0","0","0","0","0","0","0","0","0","0","0","0","0","0","0","0","0","0","0","0","0","0","50","0","7890","20","23","0","25972","0","0","0","0","0","176","0","3223","0","35","2","0","0","0","0","0","0","0","0","0","1","0","","","","","","","","","","","","","","","","","","","","","","","","","","",""
"595981","Визначено як лікарня для госпіталізації","01994793","КНП КОР ""Обласне психіатрично-наркологічне медичне об'єднання""","смт.Глеваха, вул. Вокзальна, 8","Київська","15.03.2021 0:00:00","2727","15.03.2021 8:05:28","0","0","0","0","0","0","0","0","0","0","0","0","0","0","0","0","0","0","0","0","0","0","0","0","2","0","0","0","0","0","0","0","0","0","0","4","0","0","0","10","0","0","0","0","0","10","0","201380","10","0","0","0","0","44","0","500","0","2012","0","82","0","0","0","0","0","0","0","0","1","0","","","","","","","","","","","","","","","","","","","","","","","","","","",""
"596546","Визначено як лікарня для госпіталізації","40081352_608","Львівська клінічна лікарня на залізничному транспорті філії ""Центр охорони здоровя"" АТ ""Українська залізниця""","Україна, 79007, Львівська обл., місто Львів, ВУЛ. ОГІЄНКА, будинок 5","Львівська","15.03.2021 0:00:00","2728","15.03.2021 11:23:16","0","0","0","0","0","0","0","0","0","0","0","0","0","0","0","0","0","0","0","0","0","0","0","0","4","0","0","0","0","0","0","0","0","0","0","11","0","0","0","1","0","0","0","8275","20","0","0","1550","50","0","0","0","0","80","0","0","0","0","0","0","0","0","0","0","0","0","0","0","1","1","","","","","","","","","","","","","","","","","","","","","","","","","","",""
"596015","Визначено як лікарня для госпіталізації","03096897","КНП МАРІУПОЛЬСЬКОЇ МІСЬКОЇ РАДИ ""МАРІУПОЛЬСЬКА МІСЬКА ЛІКАРНЯ №8""","87504, Донецька обл., м.Маріуполь, вул. Левченко, 4","Донецька","15.03.2021 0:00:00","2730","15.03.2021 8:24:03","0","0","0","0","0","0","0","0","0","0","0","0","0","0","0","0","0","0","0","0","0","0","0","0","0","0","0","0","0","0","0","0","0","0","0","0","0","0","0","0","0","0","0","0","0","0","0","0","0","0","0","0","0","0","0","0","0","32","1","100","0","0","0","0","0","0","0","0","0","0","","","","","","","","","","","","","","","","","","","","","","","","","","",""
"596152","Визначено як лікарня для госпіталізації","25759269","КНП ""ОБЛАСНИЙ ГОСПІТАЛЬ ДЛЯ ВЕТЕРАНІВ ВІЙНИ М. СВЯТОГІРСЬКА""","84130, Донецька область, м.Святогірськ, вул. Молодіжна, 66","Донецька","15.03.2021 0:00:00","2731","15.03.2021 9:05:04","0","0","0","0","0","0","0","0","0","0","0","0","0","0","0","0","0","0","0","0","0","0","0","0","0","0","0","0","0","0","0","0","0","0","0","0","0","0","0","90","0","0","0","0","0","0","0","1010","40","0","0","0","0","0","0","0","0","180","1","1388","1","0","0","0","0","0","0","0","1","0","","","","","","","","","","","","","","","","","","","","","","","","","","",""
"596217","Визначено як лікарня для госпіталізації","40081352_603","Дніпровська клінічна лікарня на залізничному транспорті Філії ""Центр охорони здоров'я"" Акціонерного товариства ""Українська залізниця""","49047, м. Дніпро, Чечелівський  район, вулиця Дмитра Кедріна, будинок 55","Дніпропетровська","15.03.2021 0:00:00","2732","15.03.2021 9:23:25","0","0","0","0","0","0","0","0","0","0","0","0","0","0","0","0","0","0","0","0","0","0","0","0","0","0","0","0","0","3","0","0","0","1","3","3","0","0","0","56","0","654","0","3750","0","1022","0","3800","0","0","0","0","0","0","0","6150","0","0","1","658","3","0","0","0","0","0","0","0","0","0","","","","","","","","","","","","","","","","","","","","","","","","","","",""
"596063","Визначено як лікарня для госпіталізації","43287790","ОКНП ""Чернівецький обласний госпіталь ветеранів війни""","Чернівецька область, м.Чернівці вул.Фастівська, 20","Чернівецька","15.03.2021 0:00:00","2733","15.03.2021 8:36:01","0","0","0","0","0","0","0","0","0","0","0","0","0","0","0","0","0","0","0","0","0","0","0","0","0","0","0","0","0","4","0","0","0","0","0","2","0","0","0","20","0","55","10","190","20","104","4","2860","80","0","0","28","0","0","0","6200","100","416","10","569","0","0","0","159","0","0","0","0","0","1","","","","","","","","","","","","","","","","","","","","","","","","","","",""
"596108","Визначено як лікарня для госпіталізації","05446384","КНП ""Міська лікарня № 8"" ОМР","65038, м.Одеса, Фонтанська дорога, 110","Одеська","15.03.2021 0:00:00","2734","15.03.2021 8:52:02","0","0","0","0","0","0","0","0","0","0","0","0","0","0","0","0","0","0","0","0","0","0","0","0","2","0","0","0","0","0","0","0","0","0","0","1","0","0","0","26","0","130","2","230","10","75","5","29050","150","190","0","50","0","7","0","6050","150","220","10","105","0","709","0","709","0","0","0","0","1","0","","","","","","","","","","","","","","","","","","","","","","","","","","",""
"596687","Визначено як лікарня для госпіталізації","02009643","КНП ""ПРИКАРПАТСЬКИЙ КЛІНІЧНИЙ ШКІРНО-ВЕНЕРОЛОГІЧНИЙ ЦЕНТР ІВАНО-ФРАНКІВСЬКОЇ ОБЛАСНОЇ РАДИ""","76000, м. Івано-Франківськ, вул. Короля Данила, 10","Івано-Франківська","15.03.2021 0:00:00","2738","15.03.2021 12:58:22","0","0","0","0","0","0","0","0","0","0","0","0","0","0","0","0","0","0","0","0","0","0","0","0","0","0","0","0","0","0","0","0","0","0","0","1","0","0","0","1","0","0","0","0","0","0","0","120","0","0","0","0","0","21","0","300","0","8","0","0","0","0","0","0","0","0","0","0","0","0","","","","","","","","","","","","","","","","","","","","","","","","","","",""
